n = 19

J = [
  [12925840 1099077 -1917872 878538 1164113 1615125 333552 -1049740 -2374543 -2449612 -25851680 -2198154 3835744 -1757076 -2328226 -3230250 -667104 2099480 4749086]
  [1099077 788895 -641278 -301545 133977 70223 296007 320245 -334088 -380441 -2198154 -1577790 1282556 603090 -267954 -140446 -592014 -640490 668176]
  [-1917872 -641278 2749796 -447072 -798844 345441 -1663871 -11358 291036 512727 3835744 1282556 -5499592 894144 1597688 -690882 3327742 22716 -582072]
  [878538 -301545 -447072 1046479 360692 19329 271484 -149349 -201818 454450 -1757076 603090 894144 -2092958 -721384 -38658 -542968 298698 403636]
  [1164113 133977 -798844 360692 1240236 -238198 573144 414889 -370478 41451 -2328226 -267954 1597688 -721384 -2480472 476396 -1146288 -829778 740956]
  [1615125 70223 345441 19329 -238198 1165144 -145536 -390773 -291087 -69994 -3230250 -140446 -690882 -38658 476396 -2330288 291072 781546 582174]
  [333552 296007 -1663871 271484 573144 -145536 1477531 10764 -171909 -466119 -667104 -592014 3327742 -542968 -1146288 291072 -2955062 -21528 343818]
  [-1049740 320245 -11358 -149349 414889 -390773 10764 1681301 -701429 249803 2099480 -640490 22716 298698 -829778 781546 -21528 -3362602 1402858]
  [-2374543 -334088 291036 -201818 -370478 -291087 -171909 -701429 1624045 250863 4749086 668176 -582072 403636 740956 582174 343818 1402858 -3248090]
  [-2449612 -380441 512727 454450 41451 -69994 -466119 249803 250863 2209186 4899224 760882 -1025454 -908900 -82902 139988 932238 -499606 -501726]
  [-25851680 -2198154 3835744 -1757076 -2328226 -3230250 -667104 2099480 4749086 4899224 51703360 4396308 -7671488 3514152 4656452 6460500 1334208 -4198960 -9498172]
  [-2198154 -1577790 1282556 603090 -267954 -140446 -592014 -640490 668176 760882 4396308 3155580 -2565112 -1206180 535908 280892 1184028 1280980 -1336352]
  [3835744 1282556 -5499592 894144 1597688 -690882 3327742 22716 -582072 -1025454 -7671488 -2565112 10999184 -1788288 -3195376 1381764 -6655484 -45432 1164144]
  [-1757076 603090 894144 -2092958 -721384 -38658 -542968 298698 403636 -908900 3514152 -1206180 -1788288 4185916 1442768 77316 1085936 -597396 -807272]
  [-2328226 -267954 1597688 -721384 -2480472 476396 -1146288 -829778 740956 -82902 4656452 535908 -3195376 1442768 4960944 -952792 2292576 1659556 -1481912]
  [-3230250 -140446 -690882 -38658 476396 -2330288 291072 781546 582174 139988 6460500 280892 1381764 77316 -952792 4660576 -582144 -1563092 -1164348]
  [-667104 -592014 3327742 -542968 -1146288 291072 -2955062 -21528 343818 932238 1334208 1184028 -6655484 1085936 2292576 -582144 5910124 43056 -687636]
  [2099480 -640490 22716 298698 -829778 781546 -21528 -3362602 1402858 -499606 -4198960 1280980 -45432 -597396 1659556 -1563092 43056 6725204 -2805716]
  [4749086 668176 -582072 403636 740956 582174 343818 1402858 -3248090 -501726 -9498172 -1336352 1164144 -807272 -1481912 -1164348 -687636 -2805716 6496180]
]

h = [20448956 2102144 -3162590 3862376 5041964 4159348 1030094 748706 -4558816 704628 -40897912 -4204288 6325180 -7724752 -10083928 -8318696 -2060188 -1497412 9117632]

C = 15188405
