n = 159

J = [
  [6744356 2867782 511221 -1264600 2661160 -943054 628391 414198 -2790824 656632 286888 -2221522 -411878 1878407 -1914191 1022616 2016782 -3265939 -3282365 -1706612 82489 614798 -3044155 966992 -1574197 -1213731 -1561226 -3327986 76004 -2474723 -101137 2884372 -3062275 2174582 -2119953 1165939 -2269279 2981037 -2226137 545336 13488712 5735564 1022442 -2529200 5322320 -1886108 1256782 828396 -5581648 1313264 573776 -4443044 -823756 3756814 -3828382 2045232 4033564 -6531878 -6564730 -3413224 164978 1229596 -6088310 1933984 -3148394 -2427462 -3122452 -6655972 152008 -4949446 -202274 5768744 -6124550 4349164 -4239906 2331878 -4538558 5962074 -4452274 1090672 26977424 11471128 2044884 -5058400 10644640 -3772216 2513564 1656792 -11163296 2626528 1147552 -8886088 -1647512 7513628 -7656764 4090464 8067128 -13063756 -13129460 -6826448 329956 2459192 -12176620 3867968 -6296788 -4854924 -6244904 -13311944 304016 -9898892 -404548 11537488 -12249100 8698328 -8479812 4663756 -9077116 11924148 -8904548 2181344 -53954848 -22942256 -4089768 10116800 -21289280 7544432 -5027128 -3313584 22326592 -5253056 -2295104 17772176 3295024 -15027256 15313528 -8180928 -16134256 26127512 26258920 13652896 -659912 -4918384 24353240 -7735936 12593576 9709848 12489808 26623888 -608032 19797784 809096 -23074976 24498200 -17396656 16959624 -9327512 18154232 -23848296 17809096]
  [2867782 6927487 -1790873 16445 -824755 -2266854 354368 2042755 -3255210 2038126 -2260728 -3026599 1617307 904322 -616122 3201120 2196758 -1211143 -2294689 -1963915 1528023 818052 -3320799 1162829 -1067529 1894076 -1485662 -1247635 -1737900 1204203 1452448 2555061 -3142486 -1121539 -394213 -723070 -847290 3277212 -318582 -970183 5735564 13854974 -3581746 32890 -1649510 -4533708 708736 4085510 -6510420 4076252 -4521456 -6053198 3234614 1808644 -1232244 6402240 4393516 -2422286 -4589378 -3927830 3056046 1636104 -6641598 2325658 -2135058 3788152 -2971324 -2495270 -3475800 2408406 2904896 5110122 -6284972 -2243078 -788426 -1446140 -1694580 6554424 -637164 -1940366 11471128 27709948 -7163492 65780 -3299020 -9067416 1417472 8171020 -13020840 8152504 -9042912 -12106396 6469228 3617288 -2464488 12804480 8787032 -4844572 -9178756 -7855660 6112092 3272208 -13283196 4651316 -4270116 7576304 -5942648 -4990540 -6951600 4816812 5809792 10220244 -12569944 -4486156 -1576852 -2892280 -3389160 13108848 -1274328 -3880732 -22942256 -55419896 14326984 -131560 6598040 18134832 -2834944 -16342040 26041680 -16305008 18085824 24212792 -12938456 -7234576 4928976 -25608960 -17574064 9689144 18357512 15711320 -12224184 -6544416 26566392 -9302632 8540232 -15152608 11885296 9981080 13903200 -9633624 -11619584 -20440488 25139888 8972312 3153704 5784560 6778320 -26217696 2548656]
  [511221 -1790873 7574783 -3337424 3108099 250671 3084347 427363 1620032 -1296224 2612471 1876550 -843962 2861586 1595116 -4241826 -3647770 143270 -1062167 -2456682 1156602 2953546 1773696 -3109188 1644711 452514 2087347 -2271172 -2545504 -2049326 -3448773 -2908629 1022350 -507718 -48148 -1202951 1673773 2398608 -2649757 3657352 1022442 -3581746 15149566 -6674848 6216198 501342 6168694 854726 3240064 -2592448 5224942 3753100 -1687924 5723172 3190232 -8483652 -7295540 286540 -2124334 -4913364 2313204 5907092 3547392 -6218376 3289422 905028 4174694 -4542344 -5091008 -4098652 -6897546 -5817258 2044700 -1015436 -96296 -2405902 3347546 4797216 -5299514 7314704 2044884 -7163492 30299132 -13349696 12432396 1002684 12337388 1709452 6480128 -5184896 10449884 7506200 -3375848 11446344 6380464 -16967304 -14591080 573080 -4248668 -9826728 4626408 11814184 7094784 -12436752 6578844 1810056 8349388 -9084688 -10182016 -8197304 -13795092 -11634516 4089400 -2030872 -192592 -4811804 6695092 9594432 -10599028 14629408 -4089768 14326984 -60598264 26699392 -24864792 -2005368 -24674776 -3418904 -12960256 10369792 -20899768 -15012400 6751696 -22892688 -12760928 33934608 29182160 -1146160 8497336 19653456 -9252816 -23628368 -14189568 24873504 -13157688 -3620112 -16698776 18169376 20364032 16394608 27590184 23269032 -8178800 4061744 385184 9623608 -13390184 -19188864 21198056]
  [-1264600 16445 -3337424 7214610 -4431932 503544 -631178 -323265 -2406274 1279877 -433458 -2106558 -809187 -126309 -1661943 -884312 2759496 -667686 -1715210 3613588 -496207 -3291917 1527888 -72932 682602 -781305 -3405246 4282234 2586377 639471 2302979 46118 919382 2766490 -305505 1624995 696541 -3544475 2488985 -4348771 -2529200 32890 -6674848 14429220 -8863864 1007088 -1262356 -646530 -4812548 2559754 -866916 -4213116 -1618374 -252618 -3323886 -1768624 5518992 -1335372 -3430420 7227176 -992414 -6583834 3055776 -145864 1365204 -1562610 -6810492 8564468 5172754 1278942 4605958 92236 1838764 5532980 -611010 3249990 1393082 -7088950 4977970 -8697542 -5058400 65780 -13349696 28858440 -17727728 2014176 -2524712 -1293060 -9625096 5119508 -1733832 -8426232 -3236748 -505236 -6647772 -3537248 11037984 -2670744 -6860840 14454352 -1984828 -13167668 6111552 -291728 2730408 -3125220 -13620984 17128936 10345508 2557884 9211916 184472 3677528 11065960 -1222020 6499980 2786164 -14177900 9955940 -17395084 10116800 -131560 26699392 -57716880 35455456 -4028352 5049424 2586120 19250192 -10239016 3467664 16852464 6473496 1010472 13295544 7074496 -22075968 5341488 13721680 -28908704 3969656 26335336 -12223104 583456 -5460816 6250440 27241968 -34257872 -20691016 -5115768 -18423832 -368944 -7355056 -22131920 2444040 -12999960 -5572328 28355800 -19911880]
  [2661160 -824755 3108099 -4431932 9282909 -2608392 2989818 -2001826 1037492 -513191 285347 2618851 -1786756 1406455 -1165212 609328 -1827505 -2948954 2058076 -4752928 780066 3127678 -1665037 2271276 -1669053 -567023 61606 -3608942 362646 56226 -3625252 -2455987 -1745704 -1886969 2030916 -2517690 631640 643378 -859423 3997506 5322320 -1649510 6216198 -8863864 18565818 -5216784 5979636 -4003652 2074984 -1026382 570694 5237702 -3573512 2812910 -2330424 1218656 -3655010 -5897908 4116152 -9505856 1560132 6255356 -3330074 4542552 -3338106 -1134046 123212 -7217884 725292 112452 -7250504 -4911974 -3491408 -3773938 4061832 -5035380 1263280 1286756 -1718846 7995012 10644640 -3299020 12432396 -17727728 37131636 -10433568 11959272 -8007304 4149968 -2052764 1141388 10475404 -7147024 5625820 -4660848 2437312 -7310020 -11795816 8232304 -19011712 3120264 12510712 -6660148 9085104 -6676212 -2268092 246424 -14435768 1450584 224904 -14501008 -9823948 -6982816 -7547876 8123664 -10070760 2526560 2573512 -3437692 15990024 -21289280 6598040 -24864792 35455456 -74263272 20867136 -23918544 16014608 -8299936 4105528 -2282776 -20950808 14294048 -11251640 9321696 -4874624 14620040 23591632 -16464608 38023424 -6240528 -25021424 13320296 -18170208 13352424 4536184 -492848 28871536 -2901168 -449808 29002016 19647896 13965632 15095752 -16247328 20141520 -5053120 -5147024 6875384]
  [-943054 -2266854 250671 503544 -2608392 7414245 1411916 96226 3393477 -1542581 1196097 999521 1167090 -30881 -951634 466316 1234152 3288119 -1967777 4709327 345141 -1551869 528293 -2503103 2065978 -1360693 2303206 123781 708084 1112732 2367141 -660158 673684 -1291066 1005603 857001 106650 -224637 -731170 -1602134 -1886108 -4533708 501342 1007088 -5216784 14828490 2823832 192452 6786954 -3085162 2392194 1999042 2334180 -61762 -1903268 932632 2468304 6576238 -3935554 9418654 690282 -3103738 1056586 -5006206 4131956 -2721386 4606412 247562 1416168 2225464 4734282 -1320316 1347368 -2582132 2011206 1714002 213300 -449274 -1462340 -3204268 -3772216 -9067416 1002684 2014176 -10433568 29656980 5647664 384904 13573908 -6170324 4784388 3998084 4668360 -123524 -3806536 1865264 4936608 13152476 -7871108 18837308 1380564 -6207476 2113172 -10012412 8263912 -5442772 9212824 495124 2832336 4450928 9468564 -2640632 2694736 -5164264 4022412 3428004 426600 -898548 -2924680 -6408536 7544432 18134832 -2005368 -4028352 20867136 -59313960 -11295328 -769808 -27147816 12340648 -9568776 -7996168 -9336720 247048 7613072 -3730528 -9873216 -26304952 15742216 -37674616 -2761128 12414952 -4226344 20024824 -16527824 10885544 -18425648 -990248 -5664672 -8901856 -18937128 5281264 -5389472 10328528 -8044824 -6856008 -853200 1797096 5849360]
  [628391 354368 3084347 -631178 2989818 1411916 8820848 1712535 -76261 1131481 2762748 -144798 -2010622 -100982 646368 -822827 598914 -2558211 1254327 1584216 2254840 1416266 -2433283 1544267 458993 -1837975 -378126 965388 863524 1255217 -584098 -3736821 -2275367 -1037138 547696 -3726341 3649577 -755801 -731833 3119935 1256782 708736 6168694 -1262356 5979636 2823832 17641696 3425070 -152522 2262962 5525496 -289596 -4021244 -201964 1292736 -1645654 1197828 -5116422 2508654 3168432 4509680 2832532 -4866566 3088534 917986 -3675950 -756252 1930776 1727048 2510434 -1168196 -7473642 -4550734 -2074276 1095392 -7452682 7299154 -1511602 -1463666 6239870 2513564 1417472 12337388 -2524712 11959272 5647664 35283392 6850140 -305044 4525924 11050992 -579192 -8042488 -403928 2585472 -3291308 2395656 -10232844 5017308 6336864 9019360 5665064 -9733132 6177068 1835972 -7351900 -1512504 3861552 3454096 5020868 -2336392 -14947284 -9101468 -4148552 2190784 -14905364 14598308 -3023204 -2927332 12479740 -5027128 -2834944 -24674776 5049424 -23918544 -11295328 -70566784 -13700280 610088 -9051848 -22101984 1158384 16084976 807856 -5170944 6582616 -4791312 20465688 -10034616 -12673728 -18038720 -11330128 19466264 -12354136 -3671944 14703800 3025008 -7723104 -6908192 -10041736 4672784 29894568 18202936 8297104 -4381568 29810728 -29196616 6046408 5854664]
  [414198 2042755 427363 -323265 -2001826 96226 1712535 7410431 1229969 -1095612 1304743 -4182304 -795688 -2835067 3857294 -2350082 2999499 -1903863 -2610 2215678 2245902 -700031 -844011 -335573 2451157 492358 -2162165 -1643875 -1141250 -326130 -374317 2999703 -1512293 958167 1112826 -2931913 1598601 2333050 -3238995 2371053 828396 4085510 854726 -646530 -4003652 192452 3425070 14820862 2459938 -2191224 2609486 -8364608 -1591376 -5670134 7714588 -4700164 5998998 -3807726 -5220 4431356 4491804 -1400062 -1688022 -671146 4902314 984716 -4324330 -3287750 -2282500 -652260 -748634 5999406 -3024586 1916334 2225652 -5863826 3197202 4666100 -6477990 4742106 1656792 8171020 1709452 -1293060 -8007304 384904 6850140 29641724 4919876 -4382448 5218972 -16729216 -3182752 -11340268 15429176 -9400328 11997996 -7615452 -10440 8862712 8983608 -2800124 -3376044 -1342292 9804628 1969432 -8648660 -6575500 -4565000 -1304520 -1497268 11998812 -6049172 3832668 4451304 -11727652 6394404 9332200 -12955980 9484212 -3313584 -16342040 -3418904 2586120 16014608 -769808 -13700280 -59283448 -9839752 8764896 -10437944 33458432 6365504 22680536 -30858352 18800656 -23995992 15230904 20880 -17725424 -17967216 5600248 6752088 2684584 -19609256 -3938864 17297320 13151000 9130000 2609040 2994536 -23997624 12098344 -7665336 -8902608 23455304 -12788808 -18664400 25911960]
  [-2790824 -3255210 1620032 -2406274 1037492 3393477 -76261 1229969 9625105 -4869458 227601 971825 1960834 -2576115 3414251 83168 -87583 3378068 3513665 -247042 -321282 231231 1394487 -1272244 632633 -524062 3924673 -2220701 -1375731 1840368 973110 154192 2228450 -2707366 4406616 -5553 1962563 -220781 -402349 1267210 -5581648 -6510420 3240064 -4812548 2074984 6786954 -152522 2459938 19250210 -9738916 455202 1943650 3921668 -5152230 6828502 166336 -175166 6756136 7027330 -494084 -642564 462462 2788974 -2544488 1265266 -1048124 7849346 -4441402 -2751462 3680736 1946220 308384 4456900 -5414732 8813232 -11106 3925126 -441562 -804698 2534420 -11163296 -13020840 6480128 -9625096 4149968 13573908 -305044 4919876 38500420 -19477832 910404 3887300 7843336 -10304460 13657004 332672 -350332 13512272 14054660 -988168 -1285128 924924 5577948 -5088976 2530532 -2096248 15698692 -8882804 -5502924 7361472 3892440 616768 8913800 -10829464 17626464 -22212 7850252 -883124 -1609396 5068840 22326592 26041680 -12960256 19250192 -8299936 -27147816 610088 -9839752 -77000840 38955664 -1820808 -7774600 -15686672 20608920 -27314008 -665344 700664 -27024544 -28109320 1976336 2570256 -1849848 -11155896 10177952 -5061064 4192496 -31397384 17765608 11005848 -14722944 -7784880 -1233536 -17827600 21658928 -35252928 44424 -15700504 1766248 3218792]
  [656632 2038126 -1296224 1279877 -513191 -1542581 1131481 -1095612 -4869458 6679506 1371446 -1455995 -124793 1608280 -1166044 1035451 -1457824 -534609 -1553073 -418933 1897032 -723559 33878 819005 -2256896 -600449 -1304564 3577046 -624454 -1574569 1699947 -2169854 -1843266 1487805 -2895002 1110885 -615109 -768235 2708051 751002 1313264 4076252 -2592448 2559754 -1026382 -3085162 2262962 -2191224 -9738916 13359012 2742892 -2911990 -249586 3216560 -2332088 2070902 -2915648 -1069218 -3106146 -837866 3794064 -1447118 67756 1638010 -4513792 -1200898 -2609128 7154092 -1248908 -3149138 3399894 -4339708 -3686532 2975610 -5790004 2221770 -1230218 -1536470 5416102 1502004 2626528 8152504 -5184896 5119508 -2052764 -6170324 4525924 -4382448 -19477832 26718024 5485784 -5823980 -499172 6433120 -4664176 4141804 -5831296 -2138436 -6212292 -1675732 7588128 -2894236 135512 3276020 -9027584 -2401796 -5218256 14308184 -2497816 -6298276 6799788 -8679416 -7373064 5951220 -11580008 4443540 -2460436 -3072940 10832204 3004008 -5253056 -16305008 10369792 -10239016 4105528 12340648 -9051848 8764896 38955664 -53436048 -10971568 11647960 998344 -12866240 9328352 -8283608 11662592 4276872 12424584 3351464 -15176256 5788472 -271024 -6552040 18055168 4803592 10436512 -28616368 4995632 12596552 -13599576 17358832 14746128 -11902440 23160016 -8887080 4920872 6145880 -21664408]
  [286888 -2260728 2612471 -433458 285347 1196097 2762748 1304743 227601 1371446 6721478 478996 -413757 1227500 2926133 -2297108 -2174300 -736781 699640 1496114 -4151 1099434 283177 351456 -41479 -776908 69321 1636177 -623323 -1599798 -1884298 -2239649 -1586520 3323843 -706343 21805 1563114 -1198161 -535421 3607018 573776 -4521456 5224942 -866916 570694 2392194 5525496 2609486 455202 2742892 13442956 957992 -827514 2455000 5852266 -4594216 -4348600 -1473562 1399280 2992228 -8302 2198868 566354 702912 -82958 -1553816 138642 3272354 -1246646 -3199596 -3768596 -4479298 -3173040 6647686 -1412686 43610 3126228 -2396322 -1070842 7214036 1147552 -9042912 10449884 -1733832 1141388 4784388 11050992 5218972 910404 5485784 26885912 1915984 -1655028 4910000 11704532 -9188432 -8697200 -2947124 2798560 5984456 -16604 4397736 1132708 1405824 -165916 -3107632 277284 6544708 -2493292 -6399192 -7537192 -8958596 -6346080 13295372 -2825372 87220 6252456 -4792644 -2141684 14428072 -2295104 18085824 -20899768 3467664 -2282776 -9568776 -22101984 -10437944 -1820808 -10971568 -53771824 -3831968 3310056 -9820000 -23409064 18376864 17394400 5894248 -5597120 -11968912 33208 -8795472 -2265416 -2811648 331832 6215264 -554568 -13089416 4986584 12798384 15074384 17917192 12692160 -26590744 5650744 -174440 -12504912 9585288 4283368]
  [-2221522 -3026599 1876550 -2106558 2618851 999521 -144798 -4182304 971825 -1455995 478996 8525048 -62287 3041281 -2112092 657873 -4804856 820940 357561 -2287175 -1260337 1275745 -455087 -47277 1292643 1362103 1921551 -66403 1720407 980767 -3157919 -2750509 681903 -3581228 2643462 -1261616 -488597 -623313 146054 1615092 -4443044 -6053198 3753100 -4213116 5237702 1999042 -289596 -8364608 1943650 -2911990 957992 17050096 -124574 6082562 -4224184 1315746 -9609712 1641880 715122 -4574350 -2520674 2551490 -910174 -94554 2585286 2724206 3843102 -132806 3440814 1961534 -6315838 -5501018 1363806 -7162456 5286924 -2523232 -977194 -1246626 292108 3230184 -8886088 -12106396 7506200 -8426232 10475404 3998084 -579192 -16729216 3887300 -5823980 1915984 34100192 -249148 12165124 -8448368 2631492 -19219424 3283760 1430244 -9148700 -5041348 5102980 -1820348 -189108 5170572 5448412 7686204 -265612 6881628 3923068 -12631676 -11002036 2727612 -14324912 10573848 -5046464 -1954388 -2493252 584216 6460368 17772176 24212792 -15012400 16852464 -20950808 -7996168 1158384 33458432 -7774600 11647960 -3831968 -68200384 498296 -24330248 16896736 -5262984 38438848 -6567520 -2860488 18297400 10082696 -10205960 3640696 378216 -10341144 -10896824 -15372408 531224 -13763256 -7846136 25263352 22004072 -5455224 28649824 -21147696 10092928 3908776 4986504 -1168432]
  [-411878 1617307 -843962 -809187 -1786756 1167090 -2010622 -795688 1960834 -124793 -413757 -62287 6263860 1842868 -329217 3238270 -400721 2951893 1123251 -1209370 427005 52528 743907 -1746857 -2288198 1362248 3602186 -1204819 -3533025 346427 1259390 1256001 -1418919 -1651197 894492 1005040 -1826793 -178534 1673838 -2496497 -823756 3234614 -1687924 -1618374 -3573512 2334180 -4021244 -1591376 3921668 -249586 -827514 -124574 12527720 3685736 -658434 6476540 -801442 5903786 2246502 -2418740 854010 105056 1487814 -3493714 -4576396 2724496 7204372 -2409638 -7066050 692854 2518780 2512002 -2837838 -3302394 1788984 2010080 -3653586 -357068 3347676 -4992994 -1647512 6469228 -3375848 -3236748 -7147024 4668360 -8042488 -3182752 7843336 -499172 -1655028 -249148 25055440 7371472 -1316868 12953080 -1602884 11807572 4493004 -4837480 1708020 210112 2975628 -6987428 -9152792 5448992 14408744 -4819276 -14132100 1385708 5037560 5024004 -5675676 -6604788 3577968 4020160 -7307172 -714136 6695352 -9985988 3295024 -12938456 6751696 6473496 14294048 -9336720 16084976 6365504 -15686672 998344 3310056 498296 -50110880 -14742944 2633736 -25906160 3205768 -23615144 -8986008 9674960 -3416040 -420224 -5951256 13974856 18305584 -10897984 -28817488 9638552 28264200 -2771416 -10075120 -10048008 11351352 13209576 -7155936 -8040320 14614344 1428272 -13390704]
  [1878407 904322 2861586 -126309 1406455 -30881 -100982 -2835067 -2576115 1608280 1227500 3041281 1842868 8497800 -2192498 -634315 -3920595 267760 -4645189 -2254139 -233341 1564266 1691608 -1637096 130053 391767 1084851 -526893 -2339049 -1552414 -2538368 -1810051 -701094 -284658 268626 1618216 -1034525 2048825 452827 541307 3756814 1808644 5723172 -252618 2812910 -61762 -201964 -5670134 -5152230 3216560 2455000 6082562 3685736 16995600 -4384996 -1268630 -7841190 535520 -9290378 -4508278 -466682 3128532 3383216 -3274192 260106 783534 2169702 -1053786 -4678098 -3104828 -5076736 -3620102 -1402188 -569316 537252 3236432 -2069050 4097650 905654 1082614 7513628 3617288 11446344 -505236 5625820 -123524 -403928 -11340268 -10304460 6433120 4910000 12165124 7371472 33991200 -8769992 -2537260 -15682380 1071040 -18580756 -9016556 -933364 6257064 6766432 -6548384 520212 1567068 4339404 -2107572 -9356196 -6209656 -10153472 -7240204 -2804376 -1138632 1074504 6472864 -4138100 8195300 1811308 2165228 -15027256 -7234576 -22892688 1010472 -11251640 247048 807856 22680536 20608920 -12866240 -9820000 -24330248 -14742944 -67982400 17539984 5074520 31364760 -2142080 37161512 18033112 1866728 -12514128 -13532864 13096768 -1040424 -3134136 -8678808 4215144 18712392 12419312 20306944 14480408 5608752 2277264 -2149008 -12945728 8276200 -16390600 -3622616]
  [-1914191 -616122 1595116 -1661943 -1165212 -951634 646368 3857294 3414251 -1166044 2926133 -2112092 -329217 -2192498 8814707 -3279507 -1814529 1754460 2270059 1437042 -225669 1399366 1200827 792270 391928 384945 368190 -9048 -2100489 -864072 -1170743 721218 2137545 2418954 1103897 753186 2277896 1140283 194585 2816058 -3828382 -1232244 3190232 -3323886 -2330424 -1903268 1292736 7714588 6828502 -2332088 5852266 -4224184 -658434 -4384996 17629414 -6559014 -3629058 3508920 4540118 2874084 -451338 2798732 2401654 1584540 783856 769890 736380 -18096 -4200978 -1728144 -2341486 1442436 4275090 4837908 2207794 1506372 4555792 2280566 389170 5632116 -7656764 -2464488 6380464 -6647772 -4660848 -3806536 2585472 15429176 13657004 -4664176 11704532 -8448368 -1316868 -8769992 35258828 -13118028 -7258116 7017840 9080236 5748168 -902676 5597464 4803308 3169080 1567712 1539780 1472760 -36192 -8401956 -3456288 -4682972 2884872 8550180 9675816 4415588 3012744 9111584 4561132 778340 11264232 15313528 4928976 -12760928 13295544 9321696 7613072 -5170944 -30858352 -27314008 9328352 -23409064 16896736 2633736 17539984 -70517656 26236056 14516232 -14035680 -18160472 -11496336 1805352 -11194928 -9606616 -6338160 -3135424 -3079560 -2945520 72384 16803912 6912576 9365944 -5769744 -17100360 -19351632 -8831176 -6025488 -18223168 -9122264 -1556680]
  [1022616 3201120 -4241826 -884312 609328 466316 -822827 -2350082 83168 1035451 -2297108 657873 3238270 -634315 -3279507 9742971 1268015 1806202 2041977 -2324670 -1350489 615915 -3709925 3259039 -3748312 472204 998615 -289561 719286 4117209 4315645 234523 -3366731 -3689710 709568 631304 -731040 -623797 1015584 -1601780 2045232 6402240 -8483652 -1768624 1218656 932632 -1645654 -4700164 166336 2070902 -4594216 1315746 6476540 -1268630 -6559014 19485942 2536030 3612404 4083954 -4649340 -2700978 1231830 -7419850 6518078 -7496624 944408 1997230 -579122 1438572 8234418 8631290 469046 -6733462 -7379420 1419136 1262608 -1462080 -1247594 2031168 -3203560 4090464 12804480 -16967304 -3537248 2437312 1865264 -3291308 -9400328 332672 4141804 -9188432 2631492 12953080 -2537260 -13118028 38971884 5072060 7224808 8167908 -9298680 -5401956 2463660 -14839700 13036156 -14993248 1888816 3994460 -1158244 2877144 16468836 17262580 938092 -13466924 -14758840 2838272 2525216 -2924160 -2495188 4062336 -6407120 -8180928 -25608960 33934608 7074496 -4874624 -3730528 6582616 18800656 -665344 -8283608 18376864 -5262984 -25906160 5074520 26236056 -77943768 -10144120 -14449616 -16335816 18597360 10803912 -4927320 29679400 -26072312 29986496 -3777632 -7988920 2316488 -5754288 -32937672 -34525160 -1876184 26933848 29517680 -5676544 -5050432 5848320 4990376 -8124672]
  [2016782 2196758 -3647770 2759496 -1827505 1234152 598914 2999499 -87583 -1457824 -2174300 -4804856 -400721 -3920595 -1814529 1268015 9480154 -3468678 -56437 2884484 1644125 -1414577 -1196934 1995389 -127056 -178259 -3051054 -661054 1747247 1361884 3516441 3514429 -2181685 517283 -1214416 -1309439 -146174 -101192 -2081407 -2035337 4033564 4393516 -7295540 5518992 -3655010 2468304 1197828 5998998 -175166 -2915648 -4348600 -9609712 -801442 -7841190 -3629058 2536030 18960308 -6937356 -112874 5768968 3288250 -2829154 -2393868 3990778 -254112 -356518 -6102108 -1322108 3494494 2723768 7032882 7028858 -4363370 1034566 -2428832 -2618878 -292348 -202384 -4162814 -4070674 8067128 8787032 -14591080 11037984 -7310020 4936608 2395656 11997996 -350332 -5831296 -8697200 -19219424 -1602884 -15682380 -7258116 5072060 37920616 -13874712 -225748 11537936 6576500 -5658308 -4787736 7981556 -508224 -713036 -12204216 -2644216 6988988 5447536 14065764 14057716 -8726740 2069132 -4857664 -5237756 -584696 -404768 -8325628 -8141348 -16134256 -17574064 29182160 -22075968 14620040 -9873216 -4791312 -23995992 700664 11662592 17394400 38438848 3205768 31364760 14516232 -10144120 -75841232 27749424 451496 -23075872 -13153000 11316616 9575472 -15963112 1016448 1426072 24408432 5288432 -13977976 -10895072 -28131528 -28115432 17453480 -4138264 9715328 10475512 1169392 809536 16651256]
  [-3265939 -1211143 143270 -667686 -2948954 3288119 -2558211 -1903863 3378068 -534609 -736781 820940 2951893 267760 1754460 1806202 -3468678 9210134 -1067436 1960122 -672296 221934 1613825 -3358489 -533138 -73699 3674531 1151856 -1154527 986197 1291556 -899055 2452256 -1869702 704361 4165360 -317295 179177 1212057 -3600167 -6531878 -2422286 286540 -1335372 -5897908 6576238 -5116422 -3807726 6756136 -1069218 -1473562 1641880 5903786 535520 3508920 3612404 -6937356 18420268 -2134872 3920244 -1344592 443868 3227650 -6716978 -1066276 -147398 7349062 2303712 -2309054 1972394 2583112 -1798110 4904512 -3739404 1408722 8330720 -634590 358354 2424114 -7200334 -13063756 -4844572 573080 -2670744 -11795816 13152476 -10232844 -7615452 13512272 -2138436 -2947124 3283760 11807572 1071040 7017840 7224808 -13874712 36840536 -4269744 7840488 -2689184 887736 6455300 -13433956 -2132552 -294796 14698124 4607424 -4618108 3944788 5166224 -3596220 9809024 -7478808 2817444 16661440 -1269180 716708 4848228 -14400668 26127512 9689144 -1146160 5341488 23591632 -26304952 20465688 15230904 -27024544 4276872 5894248 -6567520 -23615144 -2142080 -14035680 -14449616 27749424 -73681072 8539488 -15680976 5378368 -1775472 -12910600 26867912 4265104 589592 -29396248 -9214848 9236216 -7889576 -10332448 7192440 -19618048 14957616 -5634888 -33322880 2538360 -1433416 -9696456]
  [-3282365 -2294689 -1062167 -1715210 2058076 -1967777 1254327 -2610 3513665 -1553073 699640 357561 1123251 -4645189 2270059 2041977 -56437 -1067436 11004106 -1898702 -723294 194317 213299 2649062 -2221803 155099 1131039 989045 147232 2675183 131820 -2363765 614909 -1850539 989165 -4059267 1534373 -4751838 1186223 2419344 -6564730 -4589378 -2124334 -3430420 4116152 -3935554 2508654 -5220 7027330 -3106146 1399280 715122 2246502 -9290378 4540118 4083954 -112874 -2134872 22008212 -3797404 -1446588 388634 426598 5298124 -4443606 310198 2262078 1978090 294464 5350366 263640 -4727530 1229818 -3701078 1978330 -8118534 3068746 -9503676 2372446 4838688 -13129460 -9178756 -4248668 -6860840 8232304 -7871108 5017308 -10440 14054660 -6212292 2798560 1430244 4493004 -18580756 9080236 8167908 -225748 -4269744 44016424 -7594808 -2893176 777268 853196 10596248 -8887212 620396 4524156 3956180 588928 10700732 527280 -9455060 2459636 -7402156 3956660 -16237068 6137492 -19007352 4744892 9677376 26258920 18357512 8497336 13721680 -16464608 15742216 -10034616 20880 -28109320 12424584 -5597120 -2860488 -8986008 37161512 -18160472 -16335816 451496 8539488 -88032848 15189616 5786352 -1554536 -1706392 -21192496 17774424 -1240792 -9048312 -7912360 -1177856 -21401464 -1054560 18910120 -4919272 14804312 -7913320 32474136 -12274984 38014704 -9489784]
  [-1706612 -1963915 -2456682 3613588 -4752928 4709327 1584216 2215678 -247042 -418933 1496114 -2287175 -1209370 -2254139 1437042 -2324670 2884484 1960122 -1898702 11000885 650074 -2223225 777544 -409219 1610293 -2785382 -278544 3402456 2896346 912023 -67465 192419 -264113 2244187 -871593 993734 1277562 -1448861 -80492 -4343712 -3413224 -3927830 -4913364 7227176 -9505856 9418654 3168432 4431356 -494084 -837866 2992228 -4574350 -2418740 -4508278 2874084 -4649340 5768968 3920244 -3797404 22001770 1300148 -4446450 1555088 -818438 3220586 -5570764 -557088 6804912 5792692 1824046 -134930 384838 -528226 4488374 -1743186 1987468 2555124 -2897722 -160984 -8687424 -6826448 -7855660 -9826728 14454352 -19011712 18837308 6336864 8862712 -988168 -1675732 5984456 -9148700 -4837480 -9016556 5748168 -9298680 11537936 7840488 -7594808 44003540 2600296 -8892900 3110176 -1636876 6441172 -11141528 -1114176 13609824 11585384 3648092 -269860 769676 -1056452 8976748 -3486372 3974936 5110248 -5795444 -321968 -17374848 13652896 15711320 19653456 -28908704 38023424 -37674616 -12673728 -17725424 1976336 3351464 -11968912 18297400 9674960 18033112 -11496336 18597360 -23075872 -15680976 15189616 -88007080 -5200592 17785800 -6220352 3273752 -12882344 22283056 2228352 -27219648 -23170768 -7296184 539720 -1539352 2112904 -17953496 6972744 -7949872 -10220496 11590888 643936]
  [82489 1528023 1156602 -496207 780066 345141 2254840 2245902 -321282 1897032 -4151 -1260337 427005 -233341 -225669 -1350489 1644125 -672296 -723294 650074 7064949 -1397769 945170 -992333 997312 1298400 -563637 -434815 -1121239 -957659 -697098 -1322852 -2084805 -1755606 -72144 -1799955 -130353 385517 -1883583 87458 164978 3056046 2313204 -992414 1560132 690282 4509680 4491804 -642564 3794064 -8302 -2520674 854010 -466682 -451338 -2700978 3288250 -1344592 -1446588 1300148 14129898 -2795538 1890340 -1984666 1994624 2596800 -1127274 -869630 -2242478 -1915318 -1394196 -2645704 -4169610 -3511212 -144288 -3599910 -260706 771034 -3767166 174916 329956 6112092 4626408 -1984828 3120264 1380564 9019360 8983608 -1285128 7588128 -16604 -5041348 1708020 -933364 -902676 -5401956 6576500 -2689184 -2893176 2600296 28259796 -5591076 3780680 -3969332 3989248 5193600 -2254548 -1739260 -4484956 -3830636 -2788392 -5291408 -8339220 -7022424 -288576 -7199820 -521412 1542068 -7534332 349832 -659912 -12224184 -9252816 3969656 -6240528 -2761128 -18038720 -17967216 2570256 -15176256 33208 10082696 -3416040 1866728 1805352 10803912 -13153000 5378368 5786352 -5200592 -56519592 11182152 -7561360 7938664 -7978496 -10387200 4509096 3478520 8969912 7661272 5576784 10582816 16678440 14044848 577152 14399640 1042824 -3084136 15068664]
  [614798 818052 2953546 -3291917 3127678 -1551869 1416266 -700031 231231 -723559 1099434 1275745 52528 1564266 1399366 615915 -1414577 221934 194317 -2223225 -1397769 6608734 -1466675 1653677 -1084872 837989 1505718 -1306178 -2489093 1522997 -2869147 -1343635 -563443 -470574 120631 -598336 2137629 2477076 -1460185 2098400 1229596 1636104 5907092 -6583834 6255356 -3103738 2832532 -1400062 462462 -1447118 2198868 2551490 105056 3128532 2798732 1231830 -2829154 443868 388634 -4446450 -2795538 13217468 -2933350 3307354 -2169744 1675978 3011436 -2612356 -4978186 3045994 -5738294 -2687270 -1126886 -941148 241262 -1196672 4275258 4954152 -2920370 4196800 2459192 3272208 11814184 -13167668 12510712 -6207476 5665064 -2800124 924924 -2894236 4397736 5102980 210112 6257064 5597464 2463660 -5658308 887736 777268 -8892900 -5591076 26434936 -5866700 6614708 -4339488 3351956 6022872 -5224712 -9956372 6091988 -11476588 -5374540 -2253772 -1882296 482524 -2393344 8550516 9908304 -5840740 8393600 -4918384 -6544416 -23628368 26335336 -25021424 12414952 -11330128 5600248 -1849848 5788472 -8795472 -10205960 -420224 -12514128 -11194928 -4927320 11316616 -1775472 -1554536 17785800 11182152 -52869872 11733400 -13229416 8678976 -6703912 -12045744 10449424 19912744 -12183976 22953176 10749080 4507544 3764592 -965048 4786688 -17101032 -19816608 11681480]
  [-3044155 -3320799 1773696 1527888 -1665037 528293 -2433283 -844011 1394487 33878 283177 -455087 743907 1691608 1200827 -3709925 -1196934 1613825 213299 777544 945170 -1466675 8781728 -2474942 273619 352487 1492702 1468945 -2447911 -2277936 652016 -2392593 3626836 617154 -767553 1714159 71147 -1293671 1971252 -515748 -6088310 -6641598 3547392 3055776 -3330074 1056586 -4866566 -1688022 2788974 67756 566354 -910174 1487814 3383216 2401654 -7419850 -2393868 3227650 426598 1555088 1890340 -2933350 17563456 -4949884 547238 704974 2985404 2937890 -4895822 -4555872 1304032 -4785186 7253672 1234308 -1535106 3428318 142294 -2587342 3942504 -1031496 -12176620 -13283196 7094784 6111552 -6660148 2113172 -9733132 -3376044 5577948 135512 1132708 -1820348 2975628 6766432 4803308 -14839700 -4787736 6455300 853196 3110176 3780680 -5866700 35126912 -9899768 1094476 1409948 5970808 5875780 -9791644 -9111744 2608064 -9570372 14507344 2468616 -3070212 6856636 284588 -5174684 7885008 -2062992 24353240 26566392 -14189568 -12223104 13320296 -4226344 19466264 6752088 -11155896 -271024 -2265416 3640696 -5951256 -13532864 -9606616 29679400 9575472 -12910600 -1706392 -6220352 -7561360 11733400 -70253824 19799536 -2188952 -2819896 -11941616 -11751560 19583288 18223488 -5216128 19140744 -29014688 -4937232 6140424 -13713272 -569176 10349368 -15770016]
  [966992 1162829 -3109188 -72932 2271276 -2503103 1544267 -335573 -1272244 819005 351456 -47277 -1746857 -1637096 792270 3259039 1995389 -3358489 2649062 -409219 -992333 1653677 -2474942 8095207 -1836517 -1058474 -1075440 1627243 1940622 2200734 384499 -494867 -1963234 823764 318011 54704 1475650 -812793 467532 2039268 1933984 2325658 -6218376 -145864 4542552 -5006206 3088534 -671146 -2544488 1638010 702912 -94554 -3493714 -3274192 1584540 6518078 3990778 -6716978 5298124 -818438 -1984666 3307354 -4949884 16190414 -3673034 -2116948 -2150880 3254486 3881244 4401468 768998 -989734 -3926468 1647528 636022 109408 2951300 -1625586 935064 4078536 3867968 4651316 -12436752 -291728 9085104 -10012412 6177068 -1342292 -5088976 3276020 1405824 -189108 -6987428 -6548384 3169080 13036156 7981556 -13433956 10596248 -1636876 -3969332 6614708 -9899768 32380828 -7346068 -4233896 -4301760 6508972 7762488 8802936 1537996 -1979468 -7852936 3295056 1272044 218816 5902600 -3251172 1870128 8157072 -7735936 -9302632 24873504 583456 -18170208 20024824 -12354136 2684584 10177952 -6552040 -2811648 378216 13974856 13096768 -6338160 -26072312 -15963112 26867912 -21192496 3273752 7938664 -13229416 19799536 -64761656 14692136 8467792 8603520 -13017944 -15524976 -17605872 -3075992 3958936 15705872 -6590112 -2544088 -437632 -11805200 6502344 -3740256]
  [-1574197 -1067529 1644711 682602 -1669053 2065978 458993 2451157 632633 -2256896 -41479 1292643 -2288198 130053 391928 -3748312 -127056 -533138 -2221803 1610293 997312 -1084872 273619 -1836517 6969772 592444 -1508511 -1406875 56732 831215 -2071470 123877 2581773 -320092 1956125 -1673645 1522426 1199603 -2801851 1132332 -3148394 -2135058 3289422 1365204 -3338106 4131956 917986 4902314 1265266 -4513792 -82958 2585286 -4576396 260106 783856 -7496624 -254112 -1066276 -4443606 3220586 1994624 -2169744 547238 -3673034 13939544 1184888 -3017022 -2813750 113464 1662430 -4142940 247754 5163546 -640184 3912250 -3347290 3044852 2399206 -5603702 2264664 -6296788 -4270116 6578844 2730408 -6676212 8263912 1835972 9804628 2530532 -9027584 -165916 5170572 -9152792 520212 1567712 -14993248 -508224 -2132552 -8887212 6441172 3989248 -4339488 1094476 -7346068 27879088 2369776 -6034044 -5627500 226928 3324860 -8285880 495508 10327092 -1280368 7824500 -6694580 6089704 4798412 -11207404 4529328 12593576 8540232 -13157688 -5460816 13352424 -16527824 -3671944 -19609256 -5061064 18055168 331832 -10341144 18305584 -1040424 -3135424 29986496 1016448 4265104 17774424 -12882344 -7978496 8678976 -2188952 14692136 -55758176 -4739552 12068088 11255000 -453856 -6649720 16571760 -991016 -20654184 2560736 -15649000 13389160 -12179408 -9596824 22414808]
  [-1213731 1894076 452514 -781305 -567023 -1360693 -1837975 492358 -524062 -600449 -776908 1362103 1362248 391767 384945 472204 -178259 -73699 155099 -2785382 1298400 837989 352487 -1058474 592444 6051415 -773778 -1440948 -1356094 809210 -655703 -85119 -359284 -1913714 1367187 -2409390 -821562 1271203 -636873 -202177 -2427462 3788152 905028 -1562610 -1134046 -2721386 -3675950 984716 -1048124 -1200898 -1553816 2724206 2724496 783534 769890 944408 -356518 -147398 310198 -5570764 2596800 1675978 704974 -2116948 1184888 12102830 -1547556 -2881896 -2712188 1618420 -1311406 -170238 -718568 -3827428 2734374 -4818780 -1643124 2542406 -1273746 -404354 -4854924 7576304 1810056 -3125220 -2268092 -5442772 -7351900 1969432 -2096248 -2401796 -3107632 5448412 5448992 1567068 1539780 1888816 -713036 -294796 620396 -11141528 5193600 3351956 1409948 -4233896 2369776 24205660 -3095112 -5763792 -5424376 3236840 -2622812 -340476 -1437136 -7654856 5468748 -9637560 -3286248 5084812 -2547492 -808708 9709848 -15152608 -3620112 6250440 4536184 10885544 14703800 -3938864 4192496 4803592 6215264 -10896824 -10897984 -3134136 -3079560 -3777632 1426072 589592 -1240792 22283056 -10387200 -6703912 -2819896 8467792 -4739552 -48411320 6190224 11527584 10848752 -6473680 5245624 680952 2874272 15309712 -10937496 19275120 6572496 -10169624 5094984]
  [-1561226 -1485662 2087347 -3405246 61606 2303206 -378126 -2162165 3924673 -1304564 69321 1921551 3602186 1084851 368190 998615 -3051054 3674531 1131039 -278544 -563637 1505718 1492702 -1075440 -1508511 -773778 8976712 40637 -3713793 656599 -198362 -1361777 674461 -2465020 484321 1701599 521628 599536 1220962 -864055 -3122452 -2971324 4174694 -6810492 123212 4606412 -756252 -4324330 7849346 -2609128 138642 3843102 7204372 2169702 736380 1997230 -6102108 7349062 2262078 -557088 -1127274 3011436 2985404 -2150880 -3017022 -1547556 17953424 81274 -7427586 1313198 -396724 -2723554 1348922 -4930040 968642 3403198 1043256 1199072 2441924 -1728110 -6244904 -5942648 8349388 -13620984 246424 9212824 -1512504 -8648660 15698692 -5218256 277284 7686204 14408744 4339404 1472760 3994460 -12204216 14698124 4524156 -1114176 -2254548 6022872 5970808 -4301760 -6034044 -3095112 35906848 162548 -14855172 2626396 -793448 -5447108 2697844 -9860080 1937284 6806396 2086512 2398144 4883848 -3456220 12489808 11885296 -16698776 27241968 -492848 -18425648 3025008 17297320 -31397384 10436512 -554568 -15372408 -28817488 -8678808 -2945520 -7988920 24408432 -29396248 -9048312 2228352 4509096 -12045744 -11941616 8603520 12068088 6190224 -71813696 -325096 29710344 -5252792 1586896 10894216 -5395688 19720160 -3874568 -13612792 -4173024 -4796288 -9767696]
  [-3327986 -1247635 -2271172 4282234 -3608942 123781 965388 -1643875 -2220701 3577046 1636177 -66403 -1204819 -526893 -9048 -289561 -661054 1151856 989045 3402456 -434815 -1306178 1468945 1627243 -1406875 -1440948 40637 8796344 2337512 1000892 1401724 -3255008 1117562 1115270 -2061909 1511266 1613431 -3699307 2959906 -1125172 -6655972 -2495270 -4542344 8564468 -7217884 247562 1930776 -3287750 -4441402 7154092 3272354 -132806 -2409638 -1053786 -18096 -579122 -1322108 2303712 1978090 6804912 -869630 -2612356 2937890 3254486 -2813750 -2881896 81274 17592688 4675024 2001784 2803448 -6510016 2235124 2230540 -4123818 3022532 3226862 -7398614 5919812 -2250344 -13311944 -4990540 -9084688 17128936 -14435768 495124 3861552 -6575500 -8882804 14308184 6544708 -265612 -4819276 -2107572 -36192 -1158244 -2644216 4607424 3956180 13609824 -1739260 -5224712 5875780 6508972 -5627500 -5763792 162548 35185376 9350048 4003568 5606896 -13020032 4470248 4461080 -8247636 6045064 6453724 -14797228 11839624 -4500688 26623888 9981080 18169376 -34257872 28871536 -990248 -7723104 13151000 17765608 -28616368 -13089416 531224 9638552 4215144 72384 2316488 5288432 -9214848 -7912360 -27219648 3478520 10449424 -11751560 -13017944 11255000 11527584 -325096 -70370752 -18700096 -8007136 -11213792 26040064 -8940496 -8922160 16495272 -12090128 -12907448 29594456 -23679248]
  [76004 -1737900 -2545504 2586377 362646 708084 863524 -1141250 -1375731 -624454 -623323 1720407 -3533025 -2339049 -2100489 719286 1747247 -1154527 147232 2896346 -1121239 -2489093 -2447911 1940622 56732 -1356094 -3713793 2337512 8039001 1259748 385134 -8350 -547695 468985 483562 -676723 -934172 -1888078 -29645 -873470 152008 -3475800 -5091008 5172754 725292 1416168 1727048 -2282500 -2751462 -1248908 -1246646 3440814 -7066050 -4678098 -4200978 1438572 3494494 -2309054 294464 5792692 -2242478 -4978186 -4895822 3881244 113464 -2712188 -7427586 4675024 16078002 2519496 770268 -16700 -1095390 937970 967124 -1353446 -1868344 -3776156 -59290 -1746940 304016 -6951600 -10182016 10345508 1450584 2832336 3454096 -4565000 -5502924 -2497816 -2493292 6881628 -14132100 -9356196 -8401956 2877144 6988988 -4618108 588928 11585384 -4484956 -9956372 -9791644 7762488 226928 -5424376 -14855172 9350048 32156004 5038992 1540536 -33400 -2190780 1875940 1934248 -2706892 -3736688 -7552312 -118580 -3493880 -608032 13903200 20364032 -20691016 -2901168 -5664672 -6908192 9130000 11005848 4995632 4986584 -13763256 28264200 18712392 16803912 -5754288 -13977976 9236216 -1177856 -23170768 8969912 19912744 19583288 -15524976 -453856 10848752 29710344 -18700096 -64312008 -10077984 -3081072 66800 4381560 -3751880 -3868496 5413784 7473376 15104624 237160]
