n = 19

J = [
  [10656133 1087872 -2007570 741471 -168808 1234143 1723295 1351325 405252 1522598 -21312266 -2175744 4015140 -1482942 337616 -2468286 -3446590 -2702650 -810504]
  [1087872 853468 65459 157922 -294665 -84211 -75007 179261 -110253 206968 -2175744 -1706936 -130918 -315844 589330 168422 150014 -358522 220506]
  [-2007570 65459 1010869 -117378 -111388 -326237 -429530 -395648 -271989 395300 4015140 -130918 -2021738 234756 222776 652474 859060 791296 543978]
  [741471 157922 -117378 1382287 -522083 -193133 -487095 323105 71708 277377 -1482942 -315844 234756 -2764574 1044166 386266 974190 -646210 -143416]
  [-168808 -294665 -111388 -522083 2947360 -882309 -837311 67409 1534454 -824580 337616 589330 222776 1044166 -5894720 1764618 1674622 -134818 -3068908]
  [1234143 -84211 -326237 -193133 -882309 1556163 980983 -559776 -454347 254171 -2468286 168422 652474 386266 1764618 -3112326 -1961966 1119552 908694]
  [1723295 -75007 -429530 -487095 -837311 980983 1971543 -682410 -435540 204488 -3446590 150014 859060 974190 1674622 -1961966 -3943086 1364820 871080]
  [1351325 179261 -395648 323105 67409 -559776 -682410 1710414 165562 -229404 -2702650 -358522 791296 -646210 -134818 1119552 1364820 -3420828 -331124]
  [405252 -110253 -271989 71708 1534454 -454347 -435540 165562 1600978 -686383 -810504 220506 543978 -143416 -3068908 908694 871080 -331124 -3201956]
  [1522598 206968 395300 277377 -824580 254171 204488 -229404 -686383 1831551 -3045196 -413936 -790600 -554754 1649160 -508342 -408976 458808 1372766]
  [-21312266 -2175744 4015140 -1482942 337616 -2468286 -3446590 -2702650 -810504 -3045196 42624532 4351488 -8030280 2965884 -675232 4936572 6893180 5405300 1621008]
  [-2175744 -1706936 -130918 -315844 589330 168422 150014 -358522 220506 -413936 4351488 3413872 261836 631688 -1178660 -336844 -300028 717044 -441012]
  [4015140 -130918 -2021738 234756 222776 652474 859060 791296 543978 -790600 -8030280 261836 4043476 -469512 -445552 -1304948 -1718120 -1582592 -1087956]
  [-1482942 -315844 234756 -2764574 1044166 386266 974190 -646210 -143416 -554754 2965884 631688 -469512 5529148 -2088332 -772532 -1948380 1292420 286832]
  [337616 589330 222776 1044166 -5894720 1764618 1674622 -134818 -3068908 1649160 -675232 -1178660 -445552 -2088332 11789440 -3529236 -3349244 269636 6137816]
  [-2468286 168422 652474 386266 1764618 -3112326 -1961966 1119552 908694 -508342 4936572 -336844 -1304948 -772532 -3529236 6224652 3923932 -2239104 -1817388]
  [-3446590 150014 859060 974190 1674622 -1961966 -3943086 1364820 871080 -408976 6893180 -300028 -1718120 -1948380 -3349244 3923932 7886172 -2729640 -1742160]
  [-2702650 -358522 791296 -646210 -134818 1119552 1364820 -3420828 -331124 458808 5405300 717044 -1582592 1292420 269636 -2239104 -2729640 6841656 662248]
  [-810504 220506 543978 -143416 -3068908 908694 871080 -331124 -3201956 1372766 1621008 -441012 -1087956 286832 6137816 -1817388 -1742160 662248 6403912]
]

h = [33091422 3973628 -4376224 3268362 1816158 3050894 3866832 3859676 3638884 5904172 -66182844 -7947256 8752448 -6536724 -3632316 -6101788 -7733664 -7719352 -7277768]

C = 29046902
