n = 187

J = [
  [7972859 -3793271 -2510129 363663 2749137 -3857305 -2262977 2499912 972668 -1464164 3590926 1579310 1443189 -2750806 605864 296616 3779263 -2998403 3342641 1613197 729956 -1315203 1472769 3739252 146916 -1660469 2432830 -2333875 -502791 -829309 -2530689 -3597981 419589 2887348 -536274 1186791 2602705 -3764122 -2680449 -3411830 -2205973 1082049 2927552 1079754 2834742 -135501 2030280 15945718 -7586542 -5020258 727326 5498274 -7714610 -4525954 4999824 1945336 -2928328 7181852 3158620 2886378 -5501612 1211728 593232 7558526 -5996806 6685282 3226394 1459912 -2630406 2945538 7478504 293832 -3320938 4865660 -4667750 -1005582 -1658618 -5061378 -7195962 839178 5774696 -1072548 2373582 5205410 -7528244 -5360898 -6823660 -4411946 2164098 5855104 2159508 5669484 -271002 4060560 31891436 -15173084 -10040516 1454652 10996548 -15429220 -9051908 9999648 3890672 -5856656 14363704 6317240 5772756 -11003224 2423456 1186464 15117052 -11993612 13370564 6452788 2919824 -5260812 5891076 14957008 587664 -6641876 9731320 -9335500 -2011164 -3317236 -10122756 -14391924 1678356 11549392 -2145096 4747164 10410820 -15056488 -10721796 -13647320 -8823892 4328196 11710208 4319016 11338968 -542004 8121120 -63782872 30346168 20081032 -2909304 -21993096 30858440 18103816 -19999296 -7781344 11713312 -28727408 -12634480 -11545512 22006448 -4846912 -2372928 -30234104 23987224 -26741128 -12905576 -5839648 10521624 -11782152 -29914016 -1175328 13283752 -19462640 18671000 4022328 6634472 20245512 28783848 -3356712 -23098784 4290192 -9494328 -20821640 30112976 21443592 27294640 17647784 -8656392 -23420416 -8638032 -22677936 1084008]
  [-3793271 8132418 -1935907 2265234 322707 -550178 1151443 1886159 -3066671 -1771888 971921 -2822941 -1205048 3230165 -1172204 -2985091 -1864161 1611210 -3948545 488242 -3141054 904948 1281060 782552 -1795226 -926120 204863 1656187 2617035 2002370 -64795 2592058 -394114 -2377062 -1298982 874323 -3108966 1756338 1767983 1658023 971704 -552813 -915156 -2969829 -3840680 1124026 -1555410 -7586542 16264836 -3871814 4530468 645414 -1100356 2302886 3772318 -6133342 -3543776 1943842 -5645882 -2410096 6460330 -2344408 -5970182 -3728322 3222420 -7897090 976484 -6282108 1809896 2562120 1565104 -3590452 -1852240 409726 3312374 5234070 4004740 -129590 5184116 -788228 -4754124 -2597964 1748646 -6217932 3512676 3535966 3316046 1943408 -1105626 -1830312 -5939658 -7681360 2248052 -3110820 -15173084 32529672 -7743628 9060936 1290828 -2200712 4605772 7544636 -12266684 -7087552 3887684 -11291764 -4820192 12920660 -4688816 -11940364 -7456644 6444840 -15794180 1952968 -12564216 3619792 5124240 3130208 -7180904 -3704480 819452 6624748 10468140 8009480 -259180 10368232 -1576456 -9508248 -5195928 3497292 -12435864 7025352 7071932 6632092 3886816 -2211252 -3660624 -11879316 -15362720 4496104 -6221640 30346168 -65059344 15487256 -18121872 -2581656 4401424 -9211544 -15089272 24533368 14175104 -7775368 22583528 9640384 -25841320 9377632 23880728 14913288 -12889680 31588360 -3905936 25128432 -7239584 -10248480 -6260416 14361808 7408960 -1638904 -13249496 -20936280 -16018960 518360 -20736464 3152912 19016496 10391856 -6994584 24871728 -14050704 -14143864 -13264184 -7773632 4422504 7321248 23758632 30725440 -8992208]
  [-2510129 -1935907 7664676 948397 -1080107 603073 1686991 171471 -238399 -644814 -682721 124830 -2400458 2155819 -2001527 -1275435 -80260 1838217 -178768 -3573912 2629553 618711 -3926383 -1939301 3134673 2915008 -398616 2016224 -2718822 -3171420 2110386 1013540 -298601 692611 3312407 1546021 -1036725 3385269 1555793 -234426 3268643 707633 775682 -263627 -696306 -1039642 -350565 -5020258 -3871814 15329352 1896794 -2160214 1206146 3373982 342942 -476798 -1289628 -1365442 249660 -4800916 4311638 -4003054 -2550870 -160520 3676434 -357536 -7147824 5259106 1237422 -7852766 -3878602 6269346 5830016 -797232 4032448 -5437644 -6342840 4220772 2027080 -597202 1385222 6624814 3092042 -2073450 6770538 3111586 -468852 6537286 1415266 1551364 -527254 -1392612 -2079284 -701130 -10040516 -7743628 30658704 3793588 -4320428 2412292 6747964 685884 -953596 -2579256 -2730884 499320 -9601832 8623276 -8006108 -5101740 -321040 7352868 -715072 -14295648 10518212 2474844 -15705532 -7757204 12538692 11660032 -1594464 8064896 -10875288 -12685680 8441544 4054160 -1194404 2770444 13249628 6184084 -4146900 13541076 6223172 -937704 13074572 2830532 3102728 -1054508 -2785224 -4158568 -1402260 20081032 15487256 -61317408 -7587176 8640856 -4824584 -13495928 -1371768 1907192 5158512 5461768 -998640 19203664 -17246552 16012216 10203480 642080 -14705736 1430144 28591296 -21036424 -4949688 31411064 15514408 -25077384 -23320064 3188928 -16129792 21750576 25371360 -16883088 -8108320 2388808 -5540888 -26499256 -12368168 8293800 -27082152 -12446344 1875408 -26149144 -5661064 -6205456 2109016 5570448 8317136]
  [363663 2265234 948397 7961689 3296281 -2935078 -2665257 1667678 1345855 68672 4172675 -3398648 305434 3267252 1664656 -2776713 2417015 -2281975 -1048272 828518 -2490124 -2054423 606644 1357713 122587 -1452761 -1743675 3568758 -1406843 1537220 949151 3004573 599416 2475919 1320752 3528040 -3019930 2415356 -2170367 -1734597 -1493650 -2441606 1605042 -332561 -2383130 -2595765 -2607960 727326 4530468 1896794 15923378 6592562 -5870156 -5330514 3335356 2691710 137344 8345350 -6797296 610868 6534504 3329312 -5553426 4834030 -4563950 -2096544 1657036 -4980248 -4108846 1213288 2715426 245174 -2905522 -3487350 7137516 -2813686 3074440 1898302 6009146 1198832 4951838 2641504 7056080 -6039860 4830712 -4340734 -3469194 -2987300 -4883212 3210084 -665122 -4766260 -5191530 -5215920 1454652 9060936 3793588 31846756 13185124 -11740312 -10661028 6670712 5383420 274688 16690700 -13594592 1221736 13069008 6658624 -11106852 9668060 -9127900 -4193088 3314072 -9960496 -8217692 2426576 5430852 490348 -5811044 -6974700 14275032 -5627372 6148880 3796604 12018292 2397664 9903676 5283008 14112160 -12079720 9661424 -8681468 -6938388 -5974600 -9766424 6420168 -1330244 -9532520 -10383060 -10431840 -2909304 -18121872 -7587176 -63693512 -26370248 23480624 21322056 -13341424 -10766840 -549376 -33381400 27189184 -2443472 -26138016 -13317248 22213704 -19336120 18255800 8386176 -6628144 19920992 16435384 -4853152 -10861704 -980696 11622088 13949400 -28550064 11254744 -12297760 -7593208 -24036584 -4795328 -19807352 -10566016 -28224320 24159440 -19322848 17362936 13876776 11949200 19532848 -12840336 2660488 19065040 20766120]
  [2749137 322707 -1080107 3296281 7897698 -4948050 -4477052 4372185 3206171 1465516 4171538 1313284 -1468183 -1195638 1986500 -1561238 375472 653640 -2122941 3096947 -1841733 -2120177 785044 893929 1251081 -169478 -1780257 -2057243 556483 2417168 -1610441 1753434 -1644925 2260085 -965416 4365504 849168 1624282 -2867042 -2399179 400253 -2188105 1401809 1445981 -1348838 -3433668 -2356413 5498274 645414 -2160214 6592562 15795396 -9896100 -8954104 8744370 6412342 2931032 8343076 2626568 -2936366 -2391276 3973000 -3122476 750944 1307280 -4245882 6193894 -3683466 -4240354 1570088 1787858 2502162 -338956 -3560514 -4114486 1112966 4834336 -3220882 3506868 -3289850 4520170 -1930832 8731008 1698336 3248564 -5734084 -4798358 800506 -4376210 2803618 2891962 -2697676 -6867336 -4712826 10996548 1290828 -4320428 13185124 31590792 -19792200 -17908208 17488740 12824684 5862064 16686152 5253136 -5872732 -4782552 7946000 -6244952 1501888 2614560 -8491764 12387788 -7366932 -8480708 3140176 3575716 5004324 -677912 -7121028 -8228972 2225932 9668672 -6441764 7013736 -6579700 9040340 -3861664 17462016 3396672 6497128 -11468168 -9596716 1601012 -8752420 5607236 5783924 -5395352 -13734672 -9425652 -21993096 -2581656 8640856 -26370248 -63181584 39584400 35816416 -34977480 -25649368 -11724128 -33372304 -10506272 11745464 9565104 -15892000 12489904 -3003776 -5229120 16983528 -24775576 14733864 16961416 -6280352 -7151432 -10008648 1355824 14242056 16457944 -4451864 -19337344 12883528 -14027472 13159400 -18080680 7723328 -34924032 -6793344 -12994256 22936336 19193432 -3202024 17504840 -11214472 -11567848 10790704 27469344]
  [-3857305 -550178 603073 -2935078 -4948050 10247935 4761987 -5885082 -2139720 -1650825 -2478887 1717879 901864 2372477 -2917033 2733657 -461975 -1901911 -1190819 -1421604 1214338 3539272 1215012 -1104475 1164844 2335060 -2782692 1013993 -1994130 -563028 2716392 2524816 519713 -262743 2231649 -5497407 -1492482 600836 -778854 1016089 -149697 1781322 -4931113 -636178 376661 4170545 2502806 -7714610 -1100356 1206146 -5870156 -9896100 20495870 9523974 -11770164 -4279440 -3301650 -4957774 3435758 1803728 4744954 -5834066 5467314 -923950 -3803822 -2381638 -2843208 2428676 7078544 2430024 -2208950 2329688 4670120 -5565384 2027986 -3988260 -1126056 5432784 5049632 1039426 -525486 4463298 -10994814 -2984964 1201672 -1557708 2032178 -299394 3562644 -9862226 -1272356 753322 8341090 5005612 -15429220 -2200712 2412292 -11740312 -19792200 40991740 19047948 -23540328 -8558880 -6603300 -9915548 6871516 3607456 9489908 -11668132 10934628 -1847900 -7607644 -4763276 -5686416 4857352 14157088 4860048 -4417900 4659376 9340240 -11130768 4055972 -7976520 -2252112 10865568 10099264 2078852 -1050972 8926596 -21989628 -5969928 2403344 -3115416 4064356 -598788 7125288 -19724452 -2544712 1506644 16682180 10011224 30858440 4401424 -4824584 23480624 39584400 -81983480 -38095896 47080656 17117760 13206600 19831096 -13743032 -7214912 -18979816 23336264 -21869256 3695800 15215288 9526552 11372832 -9714704 -28314176 -9720096 8835800 -9318752 -18680480 22261536 -8111944 15953040 4504224 -21731136 -20198528 -4157704 2101944 -17853192 43979256 11939856 -4806688 6230832 -8128712 1197576 -14250576 39448904 5089424 -3013288 -33364360]
  [-2262977 1151443 1686991 -2665257 -4477052 4761987 9424994 -3841581 -4558573 -2644464 -3321847 637090 -1744237 1870067 -4377879 340644 476759 -463086 -1402281 -2755279 -502881 4873454 666547 -23314 352814 3785927 1543289 -1042491 751736 -3437852 1925122 2102056 -1269646 -1504113 933889 -2232415 -2626594 1053347 4154267 2564413 2080046 1718059 251742 -5878 2021324 1598067 4266526 -4525954 2302886 3373982 -5330514 -8954104 9523974 18849988 -7683162 -9117146 -5288928 -6643694 1274180 -3488474 3740134 -8755758 681288 953518 -926172 -2804562 -5510558 -1005762 9746908 1333094 -46628 705628 7571854 3086578 -2084982 1503472 -6875704 3850244 4204112 -2539292 -3008226 1867778 -4464830 -5253188 2106694 8308534 5128826 4160092 3436118 503484 -11756 4042648 3196134 8533052 -9051908 4605772 6747964 -10661028 -17908208 19047948 37699976 -15366324 -18234292 -10577856 -13287388 2548360 -6976948 7480268 -17511516 1362576 1907036 -1852344 -5609124 -11021116 -2011524 19493816 2666188 -93256 1411256 15143708 6173156 -4169964 3006944 -13751408 7700488 8408224 -5078584 -6016452 3735556 -8929660 -10506376 4213388 16617068 10257652 8320184 6872236 1006968 -23512 8085296 6392268 17066104 18103816 -9211544 -13495928 21322056 35816416 -38095896 -75399952 30732648 36468584 21155712 26574776 -5096720 13953896 -14960536 35023032 -2725152 -3814072 3704688 11218248 22042232 4023048 -38987632 -5332376 186512 -2822512 -30287416 -12346312 8339928 -6013888 27502816 -15400976 -16816448 10157168 12032904 -7471112 17859320 21012752 -8426776 -33234136 -20515304 -16640368 -13744472 -2013936 47024 -16170592 -12784536]
  [2499912 1886159 171471 1667678 4372185 -5885082 -3841581 10983701 -1751939 -1423850 1837958 -1620634 -2814375 469216 1794314 -621506 -1862449 2333634 1224765 3124562 -927426 507304 -1609346 1749420 962308 836867 470811 -2356070 -526715 1235623 -4540214 338784 1154586 -291743 -2504931 3158627 578740 1877061 -1034186 -3363343 -981532 -709097 2178482 3531 -500479 -1189181 -2418744 4999824 3772318 342942 3335356 8744370 -11770164 -7683162 21967402 -3503878 -2847700 3675916 -3241268 -5628750 938432 3588628 -1243012 -3724898 4667268 2449530 6249124 -1854852 1014608 -3218692 3498840 1924616 1673734 941622 -4712140 -1053430 2471246 -9080428 677568 2309172 -583486 -5009862 6317254 1157480 3754122 -2068372 -6726686 -1963064 -1418194 4356964 7062 -1000958 -2378362 -4837488 9999648 7544636 685884 6670712 17488740 -23540328 -15366324 43934804 -7007756 -5695400 7351832 -6482536 -11257500 1876864 7177256 -2486024 -7449796 9334536 4899060 12498248 -3709704 2029216 -6437384 6997680 3849232 3347468 1883244 -9424280 -2106860 4942492 -18160856 1355136 4618344 -1166972 -10019724 12634508 2314960 7508244 -4136744 -13453372 -3926128 -2836388 8713928 14124 -2001916 -4756724 -9674976 -19999296 -15089272 -1371768 -13341424 -34977480 47080656 30732648 -87869608 14015512 11390800 -14703664 12965072 22515000 -3753728 -14354512 4972048 14899592 -18669072 -9798120 -24996496 7419408 -4058432 12874768 -13995360 -7698464 -6694936 -3766488 18848560 4213720 -9884984 36321712 -2710272 -9236688 2333944 20039448 -25269016 -4629920 -15016488 8273488 26906744 7852256 5672776 -17427856 -28248 4003832 9513448]
  [972668 -3066671 -238399 1345855 3206171 -2139720 -4558573 -1751939 10041343 1899902 1868056 -766542 2402140 -2296021 4103566 -1427239 -1673813 -50660 -1253068 -530559 452530 -4243927 -2201691 -1829895 137917 -3817205 -248706 932408 -1916949 3247957 24027 -1972697 482746 3608656 -627969 -30730 2253842 1087140 -474586 -2126281 899798 -3567285 1075092 4145656 -2659584 -2135742 -3192561 1945336 -6133342 -476798 2691710 6412342 -4279440 -9117146 -3503878 20082686 3799804 3736112 -1533084 4804280 -4592042 8207132 -2854478 -3347626 -101320 -2506136 -1061118 905060 -8487854 -4403382 -3659790 275834 -7634410 -497412 1864816 -3833898 6495914 48054 -3945394 965492 7217312 -1255938 -61460 4507684 2174280 -949172 -4252562 1799596 -7134570 2150184 8291312 -5319168 -4271484 -6385122 3890672 -12266684 -953596 5383420 12824684 -8558880 -18234292 -7007756 40165372 7599608 7472224 -3066168 9608560 -9184084 16414264 -5708956 -6695252 -202640 -5012272 -2122236 1810120 -16975708 -8806764 -7319580 551668 -15268820 -994824 3729632 -7667796 12991828 96108 -7890788 1930984 14434624 -2511876 -122920 9015368 4348560 -1898344 -8505124 3599192 -14269140 4300368 16582624 -10638336 -8542968 -12770244 -7781344 24533368 1907192 -10766840 -25649368 17117760 36468584 14015512 -80330744 -15199216 -14944448 6132336 -19217120 18368168 -32828528 11417912 13390504 405280 10024544 4244472 -3620240 33951416 17613528 14639160 -1103336 30537640 1989648 -7459264 15335592 -25983656 -192216 15781576 -3861968 -28869248 5023752 245840 -18030736 -8697120 3796688 17010248 -7198384 28538280 -8600736 -33165248 21276672 17085936]
  [-1464164 -1771888 -644814 68672 1465516 -1650825 -2644464 -1423850 1899902 10586337 -4838844 434603 1672351 -609225 1839286 2048736 529382 2064497 2285932 3692454 -3323177 -64518 -1042611 -5136373 59921 2357136 -3943197 929096 2000344 1259320 1657374 3572412 -420060 -1196650 -1632277 535033 -103867 -399776 1035887 2673352 -1596260 -2539664 1483955 1056539 -560295 -2543643 -1914336 -2928328 -3543776 -1289628 137344 2931032 -3301650 -5288928 -2847700 3799804 21172674 -9677688 869206 3344702 -1218450 3678572 4097472 1058764 4128994 4571864 7384908 -6646354 -129036 -2085222 -10272746 119842 4714272 -7886394 1858192 4000688 2518640 3314748 7144824 -840120 -2393300 -3264554 1070066 -207734 -799552 2071774 5346704 -3192520 -5079328 2967910 2113078 -1120590 -5087286 -3828672 -5856656 -7087552 -2579256 274688 5862064 -6603300 -10577856 -5695400 7599608 42345348 -19355376 1738412 6689404 -2436900 7357144 8194944 2117528 8257988 9143728 14769816 -13292708 -258072 -4170444 -20545492 239684 9428544 -15772788 3716384 8001376 5037280 6629496 14289648 -1680240 -4786600 -6529108 2140132 -415468 -1599104 4143548 10693408 -6385040 -10158656 5935820 4226156 -2241180 -10174572 -7657344 11713312 14175104 5158512 -549376 -11724128 13206600 21155712 11390800 -15199216 -84690696 38710752 -3476824 -13378808 4873800 -14714288 -16389888 -4235056 -16515976 -18287456 -29539632 26585416 516144 8340888 41090984 -479368 -18857088 31545576 -7432768 -16002752 -10074560 -13258992 -28579296 3360480 9573200 13058216 -4280264 830936 3198208 -8287096 -21386816 12770080 20317312 -11871640 -8452312 4482360 20349144]
  [3590926 971921 -682721 4172675 4171538 -2478887 -3321847 1837958 1868056 -4838844 12099107 -1930032 -155109 -1181866 -733585 -5214757 3788726 -4681265 -2444345 -1245055 -129832 -4040276 3801010 4821718 2274663 -4165896 2201437 -1508546 -1273121 2447573 -1711324 -630243 -2505836 3819685 -331093 4499902 1429835 -1822640 -2384757 -2082777 1373849 1475161 375424 -584898 -2250567 903476 -1153352 7181852 1943842 -1365442 8345350 8343076 -4957774 -6643694 3675916 3736112 -9677688 24198214 -3860064 -310218 -2363732 -1467170 -10429514 7577452 -9362530 -4888690 -2490110 -259664 -8080552 7602020 9643436 4549326 -8331792 4402874 -3017092 -2546242 4895146 -3422648 -1260486 -5011672 7639370 -662186 8999804 2859670 -3645280 -4769514 -4165554 2747698 2950322 750848 -1169796 -4501134 1806952 -2306704 14363704 3887684 -2730884 16690700 16686152 -9915548 -13287388 7351832 7472224 -19355376 48396428 -7720128 -620436 -4727464 -2934340 -20859028 15154904 -18725060 -9777380 -4980220 -519328 -16161104 15204040 19286872 9098652 -16663584 8805748 -6034184 -5092484 9790292 -6845296 -2520972 -10023344 15278740 -1324372 17999608 5719340 -7290560 -9539028 -8331108 5495396 5900644 1501696 -2339592 -9002268 3613904 -4613408 -28727408 -7775368 5461768 -33381400 -33372304 19831096 26574776 -14703664 -14944448 38710752 -96792856 15440256 1240872 9454928 5868680 41718056 -30309808 37450120 19554760 9960440 1038656 32322208 -30408080 -38573744 -18197304 33327168 -17611496 12068368 10184968 -19580584 13690592 5041944 20046688 -30557480 2648744 -35999216 -11438680 14581120 19078056 16662216 -10990792 -11801288 -3003392 4679184 18004536 -7227808]
  [1579310 -2822941 124830 -3398648 1313284 1717879 637090 -1620634 -766542 434603 -1930032 9741607 918618 -358377 -3102052 2469290 2087353 1434237 953007 1065322 3485801 1886726 1030187 793486 -11960 2316636 -387944 -161708 1158261 -1194816 164837 -245087 -1562529 78479 2899507 -1620954 2813791 -2201635 -1515641 599807 516463 1341985 -280016 1198315 747114 -1402373 2173408 3158620 -5645882 249660 -6797296 2626568 3435758 1274180 -3241268 -1533084 869206 -3860064 19483214 1837236 -716754 -6204104 4938580 4174706 2868474 1906014 2130644 6971602 3773452 2060374 1586972 -23920 4633272 -775888 -323416 2316522 -2389632 329674 -490174 -3125058 156958 5799014 -3241908 5627582 -4403270 -3031282 1199614 1032926 2683970 -560032 2396630 1494228 -2804746 4346816 6317240 -11291764 499320 -13594592 5253136 6871516 2548360 -6482536 -3066168 1738412 -7720128 38966428 3674472 -1433508 -12408208 9877160 8349412 5736948 3812028 4261288 13943204 7546904 4120748 3173944 -47840 9266544 -1551776 -646832 4633044 -4779264 659348 -980348 -6250116 313916 11598028 -6483816 11255164 -8806540 -6062564 2399228 2065852 5367940 -1120064 4793260 2988456 -5609492 8693632 -12634480 22583528 -998640 27189184 -10506272 -13743032 -5096720 12965072 6132336 -3476824 15440256 -77932856 -7348944 2867016 24816416 -19754320 -16698824 -11473896 -7624056 -8522576 -27886408 -15093808 -8241496 -6347888 95680 -18533088 3103552 1293664 -9266088 9558528 -1318696 1960696 12500232 -627832 -23196056 12967632 -22510328 17613080 12125128 -4798456 -4131704 -10735880 2240128 -9586520 -5976912 11218984]
  [1443189 -1205048 -2400458 305434 -1468183 901864 -1744237 -2814375 2402140 1672351 -155109 918618 7814523 2105084 1589138 -179430 2541457 -2315711 2733815 -211016 -490686 -1675989 316360 968383 -127565 -1647127 -614613 1862503 -1472486 373440 247727 -2080625 2934780 -231295 -148619 -2555357 -559585 -4282810 602890 -211538 -3712717 -537096 203397 1525530 -3015717 290596 -713053 2886378 -2410096 -4800916 610868 -2936366 1803728 -3488474 -5628750 4804280 3344702 -310218 1837236 15629046 4210168 3178276 -358860 5082914 -4631422 5467630 -422032 -981372 -3351978 632720 1936766 -255130 -3294254 -1229226 3725006 -2944972 746880 495454 -4161250 5869560 -462590 -297238 -5110714 -1119170 -8565620 1205780 -423076 -7425434 -1074192 406794 3051060 -6031434 581192 -1426106 5772756 -4820192 -9601832 1221736 -5872732 3607456 -6976948 -11257500 9608560 6689404 -620436 3674472 31258092 8420336 6356552 -717720 10165828 -9262844 10935260 -844064 -1962744 -6703956 1265440 3873532 -510260 -6588508 -2458452 7450012 -5889944 1493760 990908 -8322500 11739120 -925180 -594476 -10221428 -2238340 -17131240 2411560 -846152 -14850868 -2148384 813588 6102120 -12062868 1162384 -2852212 -11545512 9640384 19203664 -2443472 11745464 -7214912 13953896 22515000 -19217120 -13378808 1240872 -7348944 -62516184 -16840672 -12713104 1435440 -20331656 18525688 -21870520 1688128 3925488 13407912 -2530880 -7747064 1020520 13177016 4916904 -14900024 11779888 -2987520 -1981816 16645000 -23478240 1850360 1188952 20442856 4476680 34262480 -4823120 1692304 29701736 4296768 -1627176 -12204240 24125736 -2324768]
  [-2750806 3230165 2155819 3267252 -1195638 2372477 1870067 469216 -2296021 -609225 -1181866 -358377 2105084 9353949 -554466 -2124516 1645616 598957 -644772 -466873 -391457 1284297 -1410400 534879 -246956 3180460 -2678935 4407062 -1788020 -1057712 1153027 2403059 1604206 -869761 2409890 -1304921 -2920752 813223 1155223 267252 -1966081 -1165839 951332 -1666633 -3268480 42423 -1407027 -5501612 6460330 4311638 6534504 -2391276 4744954 3740134 938432 -4592042 -1218450 -2363732 -716754 4210168 18707898 -1108932 -4249032 3291232 1197914 -1289544 -933746 -782914 2568594 -2820800 1069758 -493912 6360920 -5357870 8814124 -3576040 -2115424 2306054 4806118 3208412 -1739522 4819780 -2609842 -5841504 1626446 2310446 534504 -3932162 -2331678 1902664 -3333266 -6536960 84846 -2814054 -11003224 12920660 8623276 13069008 -4782552 9489908 7480268 1876864 -9184084 -2436900 -4727464 -1433508 8420336 37415796 -2217864 -8498064 6582464 2395828 -2579088 -1867492 -1565828 5137188 -5641600 2139516 -987824 12721840 -10715740 17628248 -7152080 -4230848 4612108 9612236 6416824 -3479044 9639560 -5219684 -11683008 3252892 4620892 1069008 -7864324 -4663356 3805328 -6666532 -13073920 169692 -5628108 22006448 -25841320 -17246552 -26138016 9565104 -18979816 -14960536 -3753728 18368168 4873800 9454928 2867016 -16840672 -74831592 4435728 16996128 -13164928 -4791656 5158176 3734984 3131656 -10274376 11283200 -4279032 1975648 -25443680 21431480 -35256496 14304160 8461696 -9224216 -19224472 -12833648 6958088 -19279120 10439368 23366016 -6505784 -9241784 -2138016 15728648 9326712 -7610656 13333064 26147840 -339384]
  [605864 -1172204 -2001527 1664656 1986500 -2917033 -4377879 1794314 4103566 1839286 -733585 -3102052 1589138 -554466 9680934 1905872 -1708413 814793 1073411 1585709 -1621268 -3782267 89093 -99715 -1155976 -322813 -1363014 -912403 -2224691 2136841 -1035274 -2613655 1822206 -394103 -1923727 -261444 -83721 -477373 -2734493 -286189 -4211054 -3392786 319416 3340456 408259 -4668509 -3034333 1211728 -2344408 -4003054 3329312 3973000 -5834066 -8755758 3588628 8207132 3678572 -1467170 -6204104 3178276 -1108932 19361868 3811744 -3416826 1629586 2146822 3171418 -3242536 -7564534 178186 -199430 -2311952 -645626 -2726028 -1824806 -4449382 4273682 -2070548 -5227310 3644412 -788206 -3847454 -522888 -167442 -954746 -5468986 -572378 -8422108 -6785572 638832 6680912 816518 -9337018 -6068666 2423456 -4688816 -8006108 6658624 7946000 -11668132 -17511516 7177256 16414264 7357144 -2934340 -12408208 6356552 -2217864 38723736 7623488 -6833652 3259172 4293644 6342836 -6485072 -15129068 356372 -398860 -4623904 -1291252 -5452056 -3649612 -8898764 8547364 -4141096 -10454620 7288824 -1576412 -7694908 -1045776 -334884 -1909492 -10937972 -1144756 -16844216 -13571144 1277664 13361824 1633036 -18674036 -12137332 -4846912 9377632 16012216 -13317248 -15892000 23336264 35023032 -14354512 -32828528 -14714288 5868680 24816416 -12713104 4435728 -77447472 -15246976 13667304 -6518344 -8587288 -12685672 12970144 30258136 -712744 797720 9247808 2582504 10904112 7299224 17797528 -17094728 8282192 20909240 -14577648 3152824 15389816 2091552 669768 3818984 21875944 2289512 33688432 27142288 -2555328 -26723648 -3266072 37348072]
  [296616 -2985091 -1275435 -2776713 -1561238 2733657 340644 -621506 -1427239 2048736 -5214757 2469290 -179430 -2124516 1905872 8087916 -1922995 1315623 3027979 1554029 1218811 2322520 359315 -242767 -1229503 3031568 -710784 -527109 -224362 -995578 1218363 1220781 2125160 -122116 -282874 -2632720 719100 394876 -3743048 -344207 -2164535 894774 -1116635 1723214 3902857 -626165 2677231 593232 -5970182 -2550870 -5553426 -3122476 5467314 681288 -1243012 -2854478 4097472 -10429514 4938580 -358860 -4249032 3811744 16175832 -3845990 2631246 6055958 3108058 2437622 4645040 718630 -485534 -2459006 6063136 -1421568 -1054218 -448724 -1991156 2436726 2441562 4250320 -244232 -565748 -5265440 1438200 789752 -7486096 -688414 -4329070 1789548 -2233270 3446428 7805714 -1252330 5354462 1186464 -11940364 -5101740 -11106852 -6244952 10934628 1362576 -2486024 -5708956 8194944 -20859028 9877160 -717720 -8498064 7623488 32351664 -7691980 5262492 12111916 6216116 4875244 9290080 1437260 -971068 -4918012 12126272 -2843136 -2108436 -897448 -3982312 4873452 4883124 8500640 -488464 -1131496 -10530880 2876400 1579504 -14972192 -1376828 -8658140 3579096 -4466540 6892856 15611428 -2504660 10708924 -2372928 23880728 10203480 22213704 12489904 -21869256 -2725152 4972048 11417912 -16389888 41718056 -19754320 1435440 16996128 -15246976 -64703328 15383960 -10524984 -24223832 -12432232 -9750488 -18580160 -2874520 1942136 9836024 -24252544 5686272 4216872 1794896 7964624 -9746904 -9766248 -17001280 976928 2262992 21061760 -5752800 -3159008 29944384 2753656 17316280 -7158192 8933080 -13785712 -31222856 5009320]
  [3779263 -1864161 -80260 2417015 375472 -461975 476759 -1862449 -1673813 529382 3788726 2087353 2541457 1645616 -1708413 -1922995 9727537 -3285469 2033658 65259 -1095509 -606791 3533291 2216172 1681948 233603 734579 979474 -604132 -644146 382581 -854117 -1114848 719537 3019599 1373192 280042 -4198572 -950482 578222 -1404671 529912 1751084 -347902 593498 -955846 1852629 7558526 -3728322 -160520 4834030 750944 -923950 953518 -3724898 -3347626 1058764 7577452 4174706 5082914 3291232 -3416826 -3845990 19455074 -6570938 4067316 130518 -2191018 -1213582 7066582 4432344 3363896 467206 1469158 1958948 -1208264 -1288292 765162 -1708234 -2229696 1439074 6039198 2746384 560084 -8397144 -1900964 1156444 -2809342 1059824 3502168 -695804 1186996 -1911692 3705258 15117052 -7456644 -321040 9668060 1501888 -1847900 1907036 -7449796 -6695252 2117528 15154904 8349412 10165828 6582464 -6833652 -7691980 38910148 -13141876 8134632 261036 -4382036 -2427164 14133164 8864688 6727792 934412 2938316 3917896 -2416528 -2576584 1530324 -3416468 -4459392 2878148 12078396 5492768 1120168 -16794288 -3801928 2312888 -5618684 2119648 7004336 -1391608 2373992 -3823384 7410516 -30234104 14913288 642080 -19336120 -3003776 3695800 -3814072 14899592 13390504 -4235056 -30309808 -16698824 -20331656 -13164928 13667304 15383960 -77820296 26283752 -16269264 -522072 8764072 4854328 -28266328 -17729376 -13455584 -1868824 -5876632 -7835792 4833056 5153168 -3060648 6832936 8918784 -5756296 -24156792 -10985536 -2240336 33588576 7603856 -4625776 11237368 -4239296 -14008672 2783216 -4747984 7646768]
  [-2998403 1611210 1838217 -2281975 653640 -1901911 -463086 2333634 -50660 2064497 -4681265 1434237 -2315711 598957 814793 1315623 -3285469 9103109 -1826469 -510087 1464274 -176619 -4363071 -3258436 -649070 3375375 937181 1394283 1543546 -1616323 1018053 -173114 -236731 -2138595 107721 1163156 873320 2377989 1661839 1268302 2180564 79215 -67299 -1036021 -696086 -1282604 -1618580 -5996806 3222420 3676434 -4563950 1307280 -3803822 -926172 4667268 -101320 4128994 -9362530 2868474 -4631422 1197914 1629586 2631246 -6570938 18206218 -3652938 -1020174 2928548 -353238 -8726142 -6516872 -1298140 6750750 1874362 2788566 3087092 -3232646 2036106 -346228 -473462 -4277190 215442 2326312 1746640 4755978 3323678 2536604 4361128 158430 -134598 -2072042 -1392172 -2565208 -3237160 -11993612 6444840 7352868 -9127900 2614560 -7607644 -1852344 9334536 -202640 8257988 -18725060 5736948 -9262844 2395828 3259172 5262492 -13141876 36412436 -7305876 -2040348 5857096 -706476 -17452284 -13033744 -2596280 13501500 3748724 5577132 6174184 -6465292 4072212 -692456 -946924 -8554380 430884 4652624 3493280 9511956 6647356 5073208 8722256 316860 -269196 -4144084 -2784344 -5130416 -6474320 23987224 -12889680 -14705736 18255800 -5229120 15215288 3704688 -18669072 405280 -16515976 37450120 -11473896 18525688 -4791656 -6518344 -10524984 26283752 -72824872 14611752 4080696 -11714192 1412952 34904568 26067488 5192560 -27003000 -7497448 -11154264 -12348368 12930584 -8144424 1384912 1893848 17108760 -861768 -9305248 -6986560 -19023912 -13294712 -10146416 -17444512 -633720 538392 8288168 5568688 10260832]
  [3342641 -3948545 -178768 -1048272 -2122941 -1190819 -1402281 1224765 -1253068 2285932 -2444345 953007 2733815 -644772 1073411 3027979 2033658 -1826469 8306636 1913767 1578049 946952 -784747 59264 265390 221474 1111053 1165310 -1074892 -1885740 -1053511 -1904376 2686633 314736 -819524 -1491967 573270 -3692998 -724974 -457841 -3171798 697290 2666390 920450 1572099 326397 975077 6685282 -7897090 -357536 -2096544 -4245882 -2381638 -2804562 2449530 -2506136 4571864 -4888690 1906014 5467630 -1289544 2146822 6055958 4067316 -3652938 16613272 3827534 3156098 1893904 -1569494 118528 530780 442948 2222106 2330620 -2149784 -3771480 -2107022 -3808752 5373266 629472 -1639048 -2983934 1146540 -7385996 -1449948 -915682 -6343596 1394580 5332780 1840900 3144198 652794 1950154 13370564 -15794180 -715072 -4193088 -8491764 -4763276 -5609124 4899060 -5012272 9143728 -9777380 3812028 10935260 -2579088 4293644 12111916 8134632 -7305876 33226544 7655068 6312196 3787808 -3138988 237056 1061560 885896 4444212 4661240 -4299568 -7542960 -4214044 -7617504 10746532 1258944 -3278096 -5967868 2293080 -14771992 -2899896 -1831364 -12687192 2789160 10665560 3681800 6288396 1305588 3900308 -26741128 31588360 1430144 8386176 16983528 9526552 11218248 -9798120 10024544 -18287456 19554760 -7624056 -21870520 5158176 -8587288 -24223832 -16269264 14611752 -66453088 -15310136 -12624392 -7575616 6277976 -474112 -2123120 -1771792 -8888424 -9322480 8599136 15085920 8428088 15235008 -21493064 -2517888 6556192 11935736 -4586160 29543984 5799792 3662728 25374384 -5578320 -21331120 -7363600 -12576792 -2611176]
  [1613197 488242 -3573912 828518 3096947 -1421604 -2755279 3124562 -530559 3692454 -1245055 1065322 -211016 -466873 1585709 1554029 65259 -510087 1913767 7708508 -2147738 2121155 2104688 -1117743 -1137763 -217976 -2633728 -1143494 1763758 3330119 -2306733 3381793 -104754 -530894 -1650863 -127870 551006 -1078327 -2469163 -152739 -3757629 -1154091 945710 1149822 861426 -1174363 -853528 3226394 976484 -7147824 1657036 6193894 -2843208 -5510558 6249124 -1061118 7384908 -2490110 2130644 -422032 -933746 3171418 3108058 130518 -1020174 3827534 15417016 -4295476 4242310 4209376 -2235486 -2275526 -435952 -5267456 -2286988 3527516 6660238 -4613466 6763586 -209508 -1061788 -3301726 -255740 1102012 -2156654 -4938326 -305478 -7515258 -2308182 1891420 2299644 1722852 -2348726 -1707056 6452788 1952968 -14295648 3314072 12387788 -5686416 -11021116 12498248 -2122236 14769816 -4980220 4261288 -844064 -1867492 6342836 6216116 261036 -2040348 7655068 30834032 -8590952 8484620 8418752 -4470972 -4551052 -871904 -10534912 -4573976 7055032 13320476 -9226932 13527172 -419016 -2123576 -6603452 -511480 2204024 -4313308 -9876652 -610956 -15030516 -4616364 3782840 4599288 3445704 -4697452 -3414112 -12905576 -3905936 28591296 -6628144 -24775576 11372832 22042232 -24996496 4244472 -29539632 9960440 -8522576 1688128 3734984 -12685672 -12432232 -522072 4080696 -15310136 -61668064 17181904 -16969240 -16837504 8941944 9102104 1743808 21069824 9147952 -14110064 -26640952 18453864 -27054344 838032 4247152 13206904 1022960 -4408048 8626616 19753304 1221912 30061032 9232728 -7565680 -9198576 -6891408 9394904]
  [729956 -3141054 2629553 -2490124 -1841733 1214338 -502881 -927426 452530 -3323177 -129832 3485801 -490686 -391457 -1621268 1218811 -1095509 1464274 1578049 -2147738 8608432 -372869 -2891981 1236529 -995086 -675791 2915634 1364263 -1136489 -3346910 209790 -2732756 172864 1568460 2168702 -386452 3881693 -660694 -1538578 -1412710 2104844 3155383 -127705 -153872 1533649 1106596 392159 1459912 -6282108 5259106 -4980248 -3683466 2428676 -1005762 -1854852 905060 -6646354 -259664 6971602 -981372 -782914 -3242536 2437622 -2191018 2928548 3156098 -4295476 17216864 -745738 -5783962 2473058 -1990172 -1351582 5831268 2728526 -2272978 -6693820 419580 -5465512 345728 3136920 4337404 -772904 7763386 -1321388 -3077156 -2825420 4209688 6310766 -255410 -307744 3067298 2213192 784318 2919824 -12564216 10518212 -9960496 -7366932 4857352 -2011524 -3709704 1810120 -13292708 -519328 13943204 -1962744 -1565828 -6485072 4875244 -4382036 5857096 6312196 -8590952 34433728 -1491476 -11567924 4946116 -3980344 -2703164 11662536 5457052 -4545956 -13387640 839160 -10931024 691456 6273840 8674808 -1545808 15526772 -2642776 -6154312 -5650840 8419376 12621532 -510820 -615488 6134596 4426384 1568636 -5839648 25128432 -21036424 19920992 14733864 -9714704 4023048 7419408 -3620240 26585416 1038656 -27886408 3925488 3131656 12970144 -9750488 8764072 -11714192 -12624392 17181904 -68867456 2982952 23135848 -9892232 7960688 5406328 -23325072 -10914104 9091912 26775280 -1678320 21862048 -1382912 -12547680 -17349616 3091616 -31053544 5285552 12308624 11301680 -16838752 -25243064 1021640 1230976 -12269192 -8852768]
  [-1315203 904948 618711 -2054423 -2120177 3539272 4873454 507304 -4243927 -64518 -4040276 1886726 -1675989 1284297 -3782267 2322520 -606791 -176619 946952 2121155 -372869 8024390 1068473 -493330 -208451 3363181 41627 175171 638708 13321 813586 3843567 -326479 -1488528 -26818 -2587289 -1234718 1218991 953915 149553 953354 1552126 538445 923032 926170 1459557 2975312 -2630406 1809896 1237422 -4108846 -4240354 7078544 9746908 1014608 -8487854 -129036 -8080552 3773452 -3351978 2568594 -7564534 4645040 -1213582 -353238 1893904 4242310 -745738 16048780 2136946 -986660 -416902 6726362 83254 350342 1277416 26642 1627172 7687134 -652958 -2977056 -53636 -5174578 -2469436 2437982 1907830 299106 1906708 3104252 1076890 1846064 1852340 2919114 5950624 -5260812 3619792 2474844 -8217692 -8480708 14157088 19493816 2029216 -16975708 -258072 -16161104 7546904 -6703956 5137188 -15129068 9290080 -2427164 -706476 3787808 8484620 -1491476 32097560 4273892 -1973320 -833804 13452724 166508 700684 2554832 53284 3254344 15374268 -1305916 -5954112 -107272 -10349156 -4938872 4875964 3815660 598212 3813416 6208504 2153780 3692128 3704680 5838228 11901248 10521624 -7239584 -4949688 16435384 16961416 -28314176 -38987632 -4058432 33951416 516144 32322208 -15093808 13407912 -10274376 30258136 -18580160 4854328 1412952 -7575616 -16969240 2982952 -64195120 -8547784 3946640 1667608 -26905448 -333016 -1401368 -5109664 -106568 -6508688 -30748536 2611832 11908224 214544 20698312 9877744 -9751928 -7631320 -1196424 -7626832 -12417008 -4307560 -7384256 -7409360 -11676456]
  [1472769 1281060 -3926383 606644 785044 1215012 666547 -1609346 -2201691 -1042611 3801010 1030187 316360 -1410400 89093 359315 3533291 -4363071 -784747 2104688 -2891981 1068473 8426485 2654045 -1196776 -1105161 -337349 -1666884 2076467 3588301 -47110 439635 -2862216 -186557 -419840 -442479 364881 -3813645 -1864129 1410553 -1501243 514905 -950455 400425 741863 -1101558 2057900 2945538 2562120 -7852766 1213288 1570088 2430024 1333094 -3218692 -4403382 -2085222 7602020 2060374 632720 -2820800 178186 718630 7066582 -8726142 -1569494 4209376 -5783962 2136946 16852970 5308090 -2393552 -2210322 -674698 -3333768 4152934 7176602 -94220 879270 -5724432 -373114 -839680 -884958 729762 -7627290 -3728258 2821106 -3002486 1029810 -1900910 800850 1483726 -2203116 4115800 5891076 5124240 -15705532 2426576 3140176 4860048 2666188 -6437384 -8806764 -4170444 15204040 4120748 1265440 -5641600 356372 1437260 14133164 -17452284 -3138988 8418752 -11567924 4273892 33705940 10616180 -4787104 -4420644 -1349396 -6667536 8305868 14353204 -188440 1758540 -11448864 -746228 -1679360 -1769916 1459524 -15254580 -7456516 5642212 -6004972 2059620 -3801820 1601700 2967452 -4406232 8231600 -11782152 -10248480 31411064 -4853152 -6280352 -9720096 -5332376 12874768 17613528 8340888 -30408080 -8241496 -2530880 11283200 -712744 -2874520 -28266328 34904568 6277976 -16837504 23135848 -8547784 -67411880 -21232360 9574208 8841288 2698792 13335072 -16611736 -28706408 376880 -3517080 22897728 1492456 3358720 3539832 -2919048 30509160 14913032 -11284424 12009944 -4119240 7603640 -3203400 -5934904 8812464]
  [3739252 782552 -1939301 1357713 893929 -1104475 -23314 1749420 -1829895 -5136373 4821718 793486 968383 534879 -99715 -242767 2216172 -3258436 59264 -1117743 1236529 -493330 2654045 7640675 -543159 -1605829 3105404 -1759685 -502435 -54605 -1422404 -1082228 804334 1045274 -111339 133751 1026242 -2575923 -2765416 -1347485 -1344260 1817698 1578497 -30900 903244 506836 1874161 7478504 1565104 -3878602 2715426 1787858 -2208950 -46628 3498840 -3659790 -10272746 9643436 1586972 1936766 1069758 -199430 -485534 4432344 -6516872 118528 -2235486 2473058 -986660 5308090 15281350 -1086318 -3211658 6210808 -3519370 -1004870 -109210 -2844808 -2164456 1608668 2090548 -222678 267502 2052484 -5151846 -5530832 -2694970 -2688520 3635396 3156994 -61800 1806488 1013672 3748322 14957008 3130208 -7757204 5430852 3575716 -4417900 -93256 6997680 -7319580 -20545492 19286872 3173944 3873532 2139516 -398860 -971068 8864688 -13033744 237056 -4470972 4946116 -1973320 10616180 30562700 -2172636 -6423316 12421616 -7038740 -2009740 -218420 -5689616 -4328912 3217336 4181096 -445356 535004 4104968 -10303692 -11061664 -5389940 -5377040 7270792 6313988 -123600 3612976 2027344 7496644 -29914016 -6260416 15514408 -10861704 -7151432 8835800 186512 -13995360 14639160 41090984 -38573744 -6347888 -7747064 -4279032 797720 1942136 -17729376 26067488 -474112 8941944 -9892232 3946640 -21232360 -61125400 4345272 12846632 -24843232 14077480 4019480 436840 11379232 8657824 -6434672 -8362192 890712 -1070008 -8209936 20607384 22123328 10779880 10754080 -14541584 -12627976 247200 -7225952 -4054688]
  [146916 -1795226 3134673 122587 1251081 1164844 352814 962308 137917 59921 2274663 -11960 -127565 -246956 -1155976 -1229503 1681948 -649070 265390 -1137763 -995086 -208451 -1196776 -543159 7029542 2190969 -1615839 -2108797 -2238262 -1046721 83570 1914952 303082 843149 571961 1350524 -2024317 1105842 -78365 -847091 1028696 256332 -558901 90828 -1221930 1439897 78661 293832 -3590452 6269346 245174 2502162 2329688 705628 1924616 275834 119842 4549326 -23920 -255130 -493912 -2311952 -2459006 3363896 -1298140 530780 -2275526 -1990172 -416902 -2393552 -1086318 14059084 4381938 -3231678 -4217594 -4476524 -2093442 167140 3829904 606164 1686298 1143922 2701048 -4048634 2211684 -156730 -1694182 2057392 512664 -1117802 181656 -2443860 2879794 157322 587664 -7180904 12538692 490348 5004324 4659376 1411256 3849232 551668 239684 9098652 -47840 -510260 -987824 -4623904 -4918012 6727792 -2596280 1061560 -4551052 -3980344 -833804 -4787104 -2172636 28118168 8763876 -6463356 -8435188 -8953048 -4186884 334280 7659808 1212328 3372596 2287844 5402096 -8097268 4423368 -313460 -3388364 4114784 1025328 -2235604 363312 -4887720 5759588 314644 -1175328 14361808 -25077384 -980696 -10008648 -9318752 -2822512 -7698464 -1103336 -479368 -18197304 95680 1020520 1975648 9247808 9836024 -13455584 5192560 -2123120 9102104 7960688 1667608 9574208 4345272 -56236336 -17527752 12926712 16870376 17906096 8373768 -668560 -15319616 -2424656 -6745192 -4575688 -10804192 16194536 -8846736 626920 6776728 -8229568 -2050656 4471208 -726624 9775440 -11519176]
