n = 19

J = [
  [13871855 909984 949361 -35386 1206128 -1889843 2066405 -1723727 -427729 3864425 -27743710 -1819968 -1898722 70772 -2412256 3779686 -4132810 3447454 855458]
  [909984 990611 -111732 -51644 -360251 -429100 -201346 -154438 224139 -105163 -1819968 -1981222 223464 103288 720502 858200 402692 308876 -448278]
  [949361 -111732 986573 72668 221341 -32364 9656 -103551 354555 273492 -1898722 223464 -1973146 -145336 -442682 64728 -19312 207102 -709110]
  [-35386 -51644 72668 1081324 -461354 -417164 -187857 -467719 -513106 454808 70772 103288 -145336 -2162648 922708 834328 375714 935438 1026212]
  [1206128 -360251 221341 -461354 1269021 513 246198 99903 601364 71021 -2412256 720502 -442682 922708 -2538042 -1026 -492396 -199806 -1202728]
  [-1889843 -429100 -32364 -417164 513 1433476 -172289 -65316 -92741 -369014 3779686 858200 64728 834328 -1026 -2866952 344578 130632 185482]
  [2066405 -201346 9656 -187857 246198 -172289 1379379 -270065 51306 265526 -4132810 402692 -19312 375714 -492396 344578 -2758758 540130 -102612]
  [-1723727 -154438 -103551 -467719 99903 -65316 -270065 1784315 -324122 -503508 3447454 308876 207102 935438 -199806 130632 540130 -3568630 648244]
  [-427729 224139 354555 -513106 601364 -92741 51306 -324122 2347449 -369026 855458 -448278 -709110 1026212 -1202728 185482 -102612 648244 -4694898]
  [3864425 -105163 273492 454808 71021 -369014 265526 -503508 -369026 2340256 -7728850 210326 -546984 -909616 -142042 738028 -531052 1007016 738052]
  [-27743710 -1819968 -1898722 70772 -2412256 3779686 -4132810 3447454 855458 -7728850 55487420 3639936 3797444 -141544 4824512 -7559372 8265620 -6894908 -1710916]
  [-1819968 -1981222 223464 103288 720502 858200 402692 308876 -448278 210326 3639936 3962444 -446928 -206576 -1441004 -1716400 -805384 -617752 896556]
  [-1898722 223464 -1973146 -145336 -442682 64728 -19312 207102 -709110 -546984 3797444 -446928 3946292 290672 885364 -129456 38624 -414204 1418220]
  [70772 103288 -145336 -2162648 922708 834328 375714 935438 1026212 -909616 -141544 -206576 290672 4325296 -1845416 -1668656 -751428 -1870876 -2052424]
  [-2412256 720502 -442682 922708 -2538042 -1026 -492396 -199806 -1202728 -142042 4824512 -1441004 885364 -1845416 5076084 2052 984792 399612 2405456]
  [3779686 858200 64728 834328 -1026 -2866952 344578 130632 185482 738028 -7559372 -1716400 -129456 -1668656 2052 5733904 -689156 -261264 -370964]
  [-4132810 402692 -19312 375714 -492396 344578 -2758758 540130 -102612 -531052 8265620 -805384 38624 -751428 984792 -689156 5517516 -1080260 205224]
  [3447454 308876 207102 935438 -199806 130632 540130 -3568630 648244 1007016 -6894908 -617752 -414204 -1870876 399612 -261264 -1080260 7137260 -1296488]
  [855458 -448278 -709110 1026212 -1202728 185482 -102612 648244 -4694898 738052 -1710916 896556 1418220 -2052424 2405456 -370964 205224 -1296488 9389796]
]

h = [37582946 1422120 5239998 -1050860 5787768 -4067684 6373826 -3456456 3704178 11845634 -75165892 -2844240 -10479996 2101720 -11575536 8135368 -12747652 6912912 -7408356]

C = 31690735