n = 19

J = [
  [21228076 6651291 -3227312 2333320 -1987823 -45699 1098078 3142854 2587395 -2493431 -42456152 -13302582 6454624 -4666640 3975646 91398 -2196156 -6285708 -5174790]
  [6651291 3944337 -2120944 1208855 -450822 -78802 -194412 1053864 204067 -378349 -13302582 -7888674 4241888 -2417710 901644 157604 388824 -2107728 -408134]
  [-3227312 -2120944 1512005 -766210 576220 -111869 29344 -571304 321332 -5878 6454624 4241888 -3024010 1532420 -1152440 223738 -58688 1142608 -642664]
  [2333320 1208855 -766210 1518081 -702525 507568 -362825 12869 298870 459060 -4666640 -2417710 1532420 -3036162 1405050 -1015136 725650 -25738 -597740]
  [-1987823 -450822 576220 -702525 1513425 -776679 -219853 -175330 -106490 -86941 3975646 901644 -1152440 1405050 -3026850 1553358 439706 350660 212980]
  [-45699 -78802 -111869 507568 -776679 1363340 218571 277840 -70887 -55544 91398 157604 223738 -1015136 1553358 -2726680 -437142 -555680 141774]
  [1098078 -194412 29344 -362825 -219853 218571 1381030 23911 -539047 -487484 -2196156 388824 -58688 725650 439706 -437142 -2762060 -47822 1078094]
  [3142854 1053864 -571304 12869 -175330 277840 23911 1470557 392514 -444344 -6285708 -2107728 1142608 -25738 350660 -555680 -47822 -2941114 -785028]
  [2587395 204067 321332 298870 -106490 -70887 -539047 392514 1899421 -40713 -5174790 -408134 -642664 -597740 212980 141774 1078094 -785028 -3798842]
  [-2493431 -378349 -5878 459060 -86941 -55544 -487484 -444344 -40713 1572041 4986862 756698 11756 -918120 173882 111088 974968 888688 81426]
  [-42456152 -13302582 6454624 -4666640 3975646 91398 -2196156 -6285708 -5174790 4986862 84912304 26605164 -12909248 9333280 -7951292 -182796 4392312 12571416 10349580]
  [-13302582 -7888674 4241888 -2417710 901644 157604 388824 -2107728 -408134 756698 26605164 15777348 -8483776 4835420 -1803288 -315208 -777648 4215456 816268]
  [6454624 4241888 -3024010 1532420 -1152440 223738 -58688 1142608 -642664 11756 -12909248 -8483776 6048020 -3064840 2304880 -447476 117376 -2285216 1285328]
  [-4666640 -2417710 1532420 -3036162 1405050 -1015136 725650 -25738 -597740 -918120 9333280 4835420 -3064840 6072324 -2810100 2030272 -1451300 51476 1195480]
  [3975646 901644 -1152440 1405050 -3026850 1553358 439706 350660 212980 173882 -7951292 -1803288 2304880 -2810100 6053700 -3106716 -879412 -701320 -425960]
  [91398 157604 223738 -1015136 1553358 -2726680 -437142 -555680 141774 111088 -182796 -315208 -447476 2030272 -3106716 5453360 874284 1111360 -283548]
  [-2196156 388824 -58688 725650 439706 -437142 -2762060 -47822 1078094 974968 4392312 -777648 117376 -1451300 -879412 874284 5524120 95644 -2156188]
  [-6285708 -2107728 1142608 -25738 350660 -555680 -47822 -2941114 -785028 888688 12571416 4215456 -2285216 51476 -701320 1111360 95644 5882228 1570056]
  [-5174790 -408134 -642664 -597740 212980 141774 1078094 -785028 -3798842 81426 10349580 816268 1285328 1195480 -425960 -283548 -2156188 1570056 7597684]
]

h = [58573498 19678170 -8729232 9014126 -4833636 2455678 1894626 10366862 9892924 -3923166 -117146996 -39356340 17458464 -18028252 9667272 -4911356 -3789252 -20733724 -19785848]

C = 47194925
