n = 19

J = [
  [10908726 731550 -1401198 -1199145 -525047 2473502 395771 -1582727 1596545 -2113752 -21817452 -1463100 2802396 2398290 1050094 -4947004 -791542 3165454 -3193090]
  [731550 2308638 1728016 275090 99999 -62643 233168 391129 -126504 -148503 -1463100 -4617276 -3456032 -550180 -199998 125286 -466336 -782258 253008]
  [-1401198 1728016 3075652 18575 -5895 -166243 -213320 1799301 -10906 655388 2802396 -3456032 -6151304 -37150 11790 332486 426640 -3598602 21812]
  [-1199145 275090 18575 1599493 -316409 -888704 529262 -667523 182948 -461921 2398290 -550180 -37150 -3198986 632818 1777408 -1058524 1335046 -365896]
  [-525047 99999 -5895 -316409 1416332 -301730 -399113 -272312 -11952 -259396 1050094 -199998 11790 632818 -2832664 603460 798226 544624 23904]
  [2473502 -62643 -166243 -888704 -301730 1841190 152901 279276 206484 53854 -4947004 125286 332486 1777408 603460 -3682380 -305802 -558552 -412968]
  [395771 233168 -213320 529262 -399113 152901 1596318 -532556 447386 -405299 -791542 -466336 426640 -1058524 798226 -305802 -3192636 1065112 -894772]
  [-1582727 391129 1799301 -667523 -272312 279276 -532556 1961233 -231933 1127179 3165454 -782258 -3598602 1335046 544624 -558552 1065112 -3922466 463866]
  [1596545 -126504 -10906 182948 -11952 206484 447386 -231933 1640842 142897 -3193090 253008 21812 -365896 23904 -412968 -894772 463866 -3281684]
  [-2113752 -148503 655388 -461921 -259396 53854 -405299 1127179 142897 1901904 4227504 297006 -1310776 923842 518792 -107708 810598 -2254358 -285794]
  [-21817452 -1463100 2802396 2398290 1050094 -4947004 -791542 3165454 -3193090 4227504 43634904 2926200 -5604792 -4796580 -2100188 9894008 1583084 -6330908 6386180]
  [-1463100 -4617276 -3456032 -550180 -199998 125286 -466336 -782258 253008 297006 2926200 9234552 6912064 1100360 399996 -250572 932672 1564516 -506016]
  [2802396 -3456032 -6151304 -37150 11790 332486 426640 -3598602 21812 -1310776 -5604792 6912064 12302608 74300 -23580 -664972 -853280 7197204 -43624]
  [2398290 -550180 -37150 -3198986 632818 1777408 -1058524 1335046 -365896 923842 -4796580 1100360 74300 6397972 -1265636 -3554816 2117048 -2670092 731792]
  [1050094 -199998 11790 632818 -2832664 603460 798226 544624 23904 518792 -2100188 399996 -23580 -1265636 5665328 -1206920 -1596452 -1089248 -47808]
  [-4947004 125286 332486 1777408 603460 -3682380 -305802 -558552 -412968 -107708 9894008 -250572 -664972 -3554816 -1206920 7364760 611604 1117104 825936]
  [-791542 -466336 426640 -1058524 798226 -305802 -3192636 1065112 -894772 810598 1583084 932672 -853280 2117048 -1596452 611604 6385272 -2130224 1789544]
  [3165454 -782258 -3598602 1335046 544624 -558552 1065112 -3922466 463866 -2254358 -6330908 1564516 7197204 -2670092 -1089248 1117104 -2130224 7844932 -927732]
  [-3193090 253008 21812 -365896 23904 -412968 -894772 463866 -3281684 -285794 6386180 -506016 -43624 731792 -47808 825936 1789544 -927732 6563368]
]

h = [18568450 10859880 10958740 -1856668 -1151046 7175774 3609036 4542134 7671614 984702 -37136900 -21719760 -21917480 3713336 2302092 -14351548 -7218072 -9084268 -15343228]

C = 30681308
